-0.076925
-0.328415
-0.397390
-0.560566
-0.675337
-0.760607
-0.804278
-0.827217
-0.911804
-0.939382
-1.162798
-1.319429
-1.367957
-1.467466
-1.689514
-1.852608
-1.961987
-2.036626
-2.208620
-2.348356
-2.483265
-2.622922
-2.530595
-2.613570
-2.761088
-2.900977
-3.044072
-2.845898
-2.941520
-3.095802
-3.244544
-3.318336
-3.323682
-3.422761
-3.504656
-3.575185
-3.550982
-3.555874
-3.567015
-3.708173
-3.699473
-3.690462
-3.623388
-3.595637
-3.530757
-3.464585
-3.525261
-3.627858
-3.657325
-3.739076
-3.653874
-3.716594
-3.769586
-3.911333
-3.903036
-4.038959
-4.001117
-4.121638
-4.102653
-3.897524
-3.981296
-3.908139
-3.971420
-3.936277
-3.852599
-3.928920
-3.943156
-3.917487
-3.892049
-3.886090
-3.968057
-3.851981
-3.767763
-3.721514
-3.930049
-3.960998
-3.950349
-4.201020
-4.338661
-4.458072
-4.403672
-4.299679
-4.170126
-4.250314
-4.224922
-4.201793
-4.218509
-4.355874
-4.491980
-4.429335
-4.565936
-4.549489
-4.481058
-4.575923
-4.716347
-4.848255
-4.704060
-4.723211
-4.702194
-4.835749
-4.646539
-4.615524
-4.668708
-4.457308
-4.593109
-4.569218
-4.578182
-4.517252
-4.702676
-4.793864
-4.849466
-4.827697
-4.873367
-5.004491
-4.925121
-4.907320
-4.983569
-4.909490
-5.041006
-4.902473
-4.664250
-4.615514
-4.496845
-4.422008
-4.309146
-4.445916
-4.557695
-4.456405
-4.413718
-4.408893
-4.317225
-4.310480
-4.228980
-4.072547
-4.060710
-4.077761
-3.957198
-4.065167
-3.889052
-3.901469
-3.821235
-3.650099
-3.794333
-3.553728
-3.609996
-3.754272
-3.697429
-3.707203
-3.657976
-3.570776
-3.576068
-3.449674
-3.418647
-3.450096
-3.219681
-3.215544
-3.138976
-3.071531
-3.020936
-3.064589
-3.031737
-2.911914
-2.878117
-2.951829
-2.803360
-2.956002
-2.937752
-2.886740
-2.782627
-2.705467
-2.579182
-2.461159
-2.418677
-2.575464
-2.434876
-2.399028
-2.218524
-2.376884
-2.499221
-2.371544
-2.628352
-2.509128
-2.364170
-2.312028
-2.548511
-2.371359
-2.162818
-2.055049
-1.769263
-1.841958
-1.686999
-1.641090
-1.626012
-1.471179
-1.316603
-1.133712
-0.998185
-1.020678
-0.897011
-0.860920
-0.811392
-0.623247
-0.656729
-0.603621
-0.458980
-0.668702
-0.529443
-0.552955
-0.559759
-0.563418
-0.448824
-0.490170
-0.605090
-0.598932
-0.430505
-0.607163
-0.715721
-0.733508
-0.589840
-0.762359
-0.799992
-0.777248
-0.581748
-0.758584
-0.615907
-0.384725
-0.382419
-0.141170
0.005443
0.131001
0.428184
0.469674
0.452058
0.535132
0.271061
0.381662
0.483845
0.819583
1.065468
1.237565
1.295126
1.356724
1.467216
1.594336
1.676078
1.816320
1.961228
2.483940
2.491927
2.601739
2.635915
2.683134
2.743987
2.764344
2.446927
2.404216
2.400900
2.459677
2.569785
2.543705
2.759679
3.061394
3.066357
3.022609
3.096718
3.135674
3.264244
3.385307
3.400656
3.436105
3.645622
3.753833
3.860476
3.796125
3.824341
3.885416
3.941544
3.991662
4.118707
4.248262
4.315876
4.488330
4.736814
4.894258
4.901571
5.054034
5.107960
5.236673
5.024758
5.063240
5.062571
5.002771
5.343666
5.454833
5.758902
5.811847
5.910346
5.924421
5.865156
5.913529
5.952347
6.184909
6.150273
6.124867
6.313061
6.255696
6.201064
6.276280
6.328694
6.464501
6.436257
6.231174
6.215582
6.402421
6.522871
6.277309
6.391202
6.503132
6.461131
6.620346
6.614164
6.664557
6.763662
6.728387
6.737849
6.504854
6.450887
6.413790
6.451801
6.478967
6.483108
6.824501
7.022453
7.091068
7.156657
7.213326
7.279072
7.227467
7.573542
7.684644
7.776547
7.766061
7.706489
7.448643
7.597617
7.590541
7.622897
7.890328
7.879912
7.942728
8.301746
8.280414
8.475330
8.688469
8.686559
8.701805
8.627183
8.638850
8.659672
8.393146
8.467060
8.523935
8.527108
8.494082
8.501170
8.584379
8.768121
8.887381
9.028536
9.055250
8.966747
8.992329
9.103317
9.196092
9.294162
9.605838
9.652614
9.790457
9.703501
9.867890
9.820296
9.838259
10.047359
9.922785
9.863347
9.835642
9.934506
10.166355
10.323063
10.457443
10.312390
10.236539
10.122892
10.111225
10.682958
10.589894
10.595036
10.537974
10.646549
10.565772
10.720208
10.707161
10.691050
10.664547
10.592653
10.691893
10.759288
10.733571
10.833118
10.993705
10.984138
11.053223
11.212016
11.176356
11.431224
11.455696
11.570868
11.557619
11.590499
11.520550
11.490715
11.424022
11.570027
11.590862
11.469601
11.428302
11.493360
11.495276
11.459990
11.428052
11.409025
11.919573
11.743736
11.857584
11.781109
12.224121
12.222992
12.308003
12.255036
12.258557
12.336806
12.254308
12.228758
12.187051
12.389943
12.378669
12.315141
12.255953
12.460215
12.441895
12.490886
12.386744
12.500748
12.747509
12.923867
12.824142
12.910840
13.286956
13.486920
13.346304
13.326261
13.516654
13.555671
13.527737
13.549881
13.430772
13.387906
13.339369
13.460506
13.417148
13.357484
13.287810
13.407885
13.284890
13.302651
13.348625
13.468975
13.464733
13.438157
13.526251
13.434477
13.350080
13.323369
13.245849
13.325696
13.320666
13.339459
13.492988
13.802134
13.718810
13.705469
13.660402
13.666565
13.542284
13.694240
13.646987
13.553525
13.628500
13.648184
13.592824
13.603448
13.796136
13.731709
13.769184
14.057846
14.374136
14.285981
14.223401
14.124675
14.065901
14.045119
13.985013
14.274679
14.299481
14.313715
14.177091
14.380370
14.317975
14.256963
14.131410
14.092125
14.005605
13.892986
13.979255
14.083147
14.261957
14.145671
14.092611
13.874816
13.850280
14.285037
14.423372
14.405493
14.365897
14.346589
14.024360
13.984503
13.954976
14.034956
13.939394
13.959519
13.639805
13.464806
13.442162
13.486286
13.511646
13.196920
13.204228
13.168464
13.366311
13.484203
13.361361
13.237412
13.159117
13.357403
13.254732
13.246221
13.199277
13.081174
13.327693
13.254254
13.253812
13.197431
13.140956
13.229916
13.191342
13.208149
13.213439
13.505039
13.385012
13.449177
13.506628
13.592881
13.549896
13.570875
13.254401
13.171015
13.110575
13.015360
12.943252
12.910049
12.890036
12.816244
12.829792
12.774807
12.764380
12.700089
12.732704
12.628900
12.558388
12.530714
12.463296
12.435111
12.294170
12.488917
12.419716
12.391794
12.374474
12.487541
12.619899
12.695072
12.751167
12.811166
12.683168
12.775700
12.713162
12.705131
12.634554
12.547170
12.473109
12.667450
12.931530
13.124104
13.135828
13.232452
13.135106
13.112742
13.215950
13.112499
13.489261
13.450606
13.427006
13.112648
13.075950
13.071571
13.095998
13.132453
12.820254
12.896226
12.946772
12.843324
12.707401
12.690470
12.848232
12.800483
12.942449
12.969895
12.993145
13.171283
13.056042
13.020213
13.201116
13.463947
13.690274
13.868885
13.850352
13.886253
14.299484
14.327489
14.271244
14.198758
14.127868
14.062526
13.990008
13.953742
13.931666
14.095735
14.002233
13.911408
14.044540
13.943654
14.018773
13.939863
13.852664
14.083065
14.017924
13.925548
13.829350
13.818243
13.670788
13.339052
13.393328
13.368126
13.426761
13.459779
13.583327
13.667570
13.729291
13.621484
13.715663
13.741936
13.784236
13.802713
13.805986
13.753320
13.878635
13.789038
13.760633
13.783784
13.669121
13.969254
13.936901
14.082285
13.940795
13.972637
13.931078
13.893552
13.860536
14.097655
14.077719
14.020902
13.961393
13.959964
13.952791
13.828965
13.838721
13.874028
13.866749
13.836548
13.789772
13.710272
13.858685
13.913930
13.823991
13.828973
14.036900
14.078531
14.191787
14.152703
14.314354
14.552808
14.638615
14.756943
14.800963
14.664132
14.699818
14.556136
14.452294
14.363317
14.379488
14.317551
14.656735
14.668079
14.663552
15.049796
14.955690
14.982749
15.068007
15.241579
15.312434
15.698903
15.561983
15.226657
15.136499
15.197879
15.137868
15.077604
15.125709
15.059524
14.907016
14.920613
14.849029
14.678935
14.494546
14.489319
14.595512
14.581086
14.683006
14.696626
14.589395
14.637973
14.311307
14.276816
14.135331
13.897406
14.096785
14.071464
14.045259
14.099436
14.192330
14.206777
14.094122
13.951249
13.822958
13.899816
13.789521
13.934682
13.854673
13.801293
13.781965
13.900216
13.864848
13.546200
13.777564
13.927574
14.268759
14.222382
14.169991
14.037227
13.983927
13.663109
13.671942
13.735107
13.624734
13.659205
13.616616
13.622985
13.491755
13.439747
13.424286
13.570797
13.661988
13.614701
13.489562
13.817270
13.507397
13.446511
13.485818
13.559585
13.551426
13.551750
13.734475
13.865694
13.903002
13.886131
13.866962
13.954656
14.003145
13.990659
14.166218
14.040824
14.022962
13.943732
14.033350
13.933626
14.016079
14.201919
14.096922
13.978355
13.941579
13.930156
13.874734
13.903648
13.790287
13.681222
13.563245
13.732132
13.672366
13.670957
13.634319
13.596441
13.535236
13.462535
13.317620
13.483184
13.454501
13.405279
13.504482
13.411366
13.397994
13.281140
13.276477
13.363513
13.245816
13.283269
13.178996
13.226284
13.336714
13.330566
13.328931
13.199621
13.165483
13.206685
13.144144
13.021036
12.947345
12.892884
13.061470
13.142055
13.545390
13.518662
13.572001
13.506565
13.483212
13.594430
13.544588
13.536236
13.449353
13.408265
13.271875
13.453277
13.447199
13.578010
13.583385
13.731398
13.713781
13.396392
13.299150
13.317825
13.315570
13.229464
13.303600
13.352110
13.433293
13.329390
13.310952
13.161832
13.086341
13.193527
13.418948
13.585974
13.545250
13.462798
13.446845
13.396414
13.298357
13.318575
13.292128
13.464177
13.442127
13.411143
13.646118
13.673903
13.722610
13.784965
14.008710
13.984392
14.209971
14.121905
14.002974
14.027898
13.949598
14.188848
14.154473
14.045734
14.014784
13.926794
13.887139
13.814294
13.744540
13.674302
13.890384
14.179937
14.262526
14.277347
14.194497
14.218284
14.134848
14.239420
14.333264
14.315044
14.347526
14.294960
14.270974
14.343210
14.760603
14.684454
14.747027
14.632570
14.661229
14.592120
14.510182
14.604282
14.595140
15.085365
15.054869
15.000963
15.009324
15.009274
15.277992
15.144398
15.076570
15.336617
15.444190
15.312271
15.275681
15.137405
14.946804
15.107747
14.967819
14.970512
15.088553
15.017738
14.970907
14.829675
14.977999
15.083513
15.032904
15.197818
15.145090
15.210145
15.235347
15.181025
15.155913
15.133939
15.047500
15.094263
15.248115
15.218178
15.183473
15.357326
15.516253
15.354356
15.479713
15.389962
15.250880
15.294141
15.148156
15.155985
15.115307
14.937554
14.890321
15.008902
15.329813
15.365250
15.222325
15.089889
14.979249
14.909696
15.091039
14.998215
14.855412
14.808050
15.126187
15.210108
15.015819
14.855894
14.751249
14.694386
14.834964
14.731431
14.622844
14.667108
14.680014
15.187733
15.185561
15.150418
15.235921
15.199494
15.204802
15.170831
15.155854
15.080922
14.929086
14.918518
14.817621
15.137711
15.199957
15.056872
15.034399
15.138862
15.021929
15.188213
15.140214
15.026097
14.931092
14.858606
14.710674
14.651936
14.572605
14.520666
14.513636
14.392023
14.615175
14.778690
14.825310
14.770803
14.863379
15.171711
15.054792
15.196718
15.302334
15.236549
15.702525
15.617554
15.474252
15.430700
15.096965
15.104544
15.131775
15.132057
14.976526
15.065817
15.075357
15.056804
15.177742
15.215194
15.406628
15.365386
15.348092
15.270408
15.206788
15.271887
15.255989
15.227514
15.352092
15.299480
15.311732
15.309413
15.626784
15.594764
15.583187
15.477368
15.412006
15.520413
15.589308
15.515253
15.875149
15.973262
15.980359
15.952344
16.255355
16.272008
16.428559
16.353211
16.437627
16.359572
16.268299
16.152496
16.066552
16.014205
16.011015
15.883919
15.911850
15.854373
15.746148
15.559605
15.442731
15.514049
15.553607
15.609158
15.540079
15.553228
15.543774
15.504012
15.432479
15.335213
15.352068
15.378600
15.370477
15.358239
15.399533
15.248873
15.178582
15.217553
15.142020
15.129812
15.034092
14.954459
14.812220
14.788643
14.925487
15.132518
15.015601
15.034124
15.160018
15.285422
15.293521
15.233298
15.112091
15.041130
14.915984
14.903061
14.987351
15.058667
14.940696
14.861826
14.768486
14.812301
14.782645
14.823980
14.874296
15.284739
15.388763
15.390269
15.295165
15.398025
15.377925
15.415392
15.298168
15.352417
15.242943
15.172636
15.032350
14.926247
14.768775
14.811313
14.912141
14.746028
14.837989
14.683475
14.478978
14.478222
14.414390
14.247800
14.212289
14.132412
14.486047
14.427700
14.632360
14.627430
14.606425
14.463771
14.512165
14.626050
14.678917
15.175840
15.053796
14.904124
14.834700
14.628561
14.754151
14.720558
14.647130
14.787562
14.660808
14.557610
14.564499
14.557488
14.633410
14.516590
14.548860
14.434652
14.563878
14.608256
14.476754
14.125535
14.167728
14.077007
14.132553
14.254432
14.250172
14.358855
14.438037
14.742369
14.675374
14.570627
14.244380
14.213798
14.360731
14.362409
14.314315
14.497366
14.463114
14.539322
14.420770
14.429400
14.422785
14.443724
14.438145
14.397342
14.413843
14.353247
14.230872
14.261874
14.357961
14.291939
14.157308
14.142406
14.201878
14.140168
14.309968
14.212228
14.197187
14.142126
14.130648
14.208242
14.167791
14.222121
14.110856
14.087862
14.094033
13.987315
13.901656
14.051158
14.146088
14.225316
14.121857
14.198688
14.216265
14.138329
14.104365
13.982180
13.914045
14.197646
14.390899
14.472066
14.376124
14.729908
14.750625
15.203810
15.078035
14.997430
14.904875
15.381194
15.264362
15.139484
15.054885
15.121656
15.005824
15.028895
14.989127
15.108642
15.215488
15.086229
14.965589
14.898278
14.799169
14.787139
14.710495
14.596733
14.564355
14.552170
14.641134
14.666791
14.594653
14.495585
14.480745
14.353216
14.343620
14.440729
14.421922
14.392845
14.349244
14.266047
14.122378
14.126688
14.059831
13.970919
13.985633
14.091592
14.116230
14.175094
14.150775
14.036826
14.165899
14.201458
14.121714
14.056217
13.962070
13.931036
14.035597
13.982530
13.883261
13.770723
13.757023
13.697610
13.590623
13.910173
13.767892
13.772360
13.720689
13.702053
13.674132
13.811982
13.819670
13.826514
13.939009
13.870878
13.841795
13.906917
13.807490
13.758455
13.674085
13.696182
13.754907
13.736823
13.612290
13.740004
13.912546
13.957384
13.942748
13.972852
13.904627
13.900546
14.036059
14.028483
13.938283
14.132887
14.080272
13.941199
13.807687
13.760610
13.725525
13.674489
13.787042
13.669194
13.696207
13.826158
13.739860
13.710598
13.626719
13.537331
13.422981
13.502207
13.427414
13.545604
13.453563
13.381266
13.293525
13.266687
13.203158
13.562050
13.461697
13.417453
13.391469
13.256973
13.229653
13.436545
13.346238
13.423659
13.617843
13.553816
13.911203
14.001049
14.028605
13.971521
13.856393
13.849222
13.735538
13.833074
13.933635
13.828769
14.072648
13.981191
13.943017
13.955586
13.930686
14.032330
13.941407
14.388104
14.297968
14.224066
14.343150
14.229861
14.264309
14.292981
14.417009
14.344120
14.303365
14.239454
14.244040
14.446607
14.291873
14.288091
14.310119
14.228720
14.154159
14.129740
14.265879
14.153395
14.197977
14.079518
14.137357
14.038756
13.930135
13.920546
14.032720
13.953139
14.098980
14.020442
13.961124
13.989994
13.921252
13.966480
13.842593
13.792726
13.745486
13.747653
13.637550
13.552573
13.585298
13.457945
13.600556
13.448526
13.338874
13.248393
13.468066
13.372691
13.286523
13.223275
13.229343
13.288001
13.439803
13.310598
13.304134
13.211989
13.283495
13.413037
13.487586
13.558131
13.488136
13.395775
13.327178
13.396966
13.285504
13.158217
13.208792
13.128862
13.088611
13.003621
12.859437
12.752012
12.708005
12.596865
12.509369
12.393823
12.378473
12.345403
12.422928
12.376637
12.262996
12.320776
12.624649
12.559905
12.540698
12.444777
12.344226
12.271974
12.392063
12.551111
12.574972
12.614299
12.526922
12.414958
12.368960
12.317310
12.296608
12.230368
12.180974
12.372665
12.311652
12.658286
12.680030
12.690366
12.625086
12.643645
12.564295
12.530404
12.457502
12.363092
12.393058
12.446477
12.502869
12.494759
12.567521
12.745797
12.719167
12.644832
12.750204
12.797709
13.088412
13.200404
13.092602
12.959834
13.036637
12.929750
12.912012
12.929244
12.989332
13.060746
13.018629
12.913206
12.969705
12.972208
13.034526
13.347290
13.312848
13.358969
13.463395
13.375740
13.270578
13.246393
13.178904
13.219615
13.230522
13.199339
13.079007
13.066149
12.965277
12.841736
12.867258
13.014005
12.883231
12.784742
12.740204
12.686025
12.657164
12.611690
12.814556
12.926518
12.826073
12.829435
12.794559
12.752763
12.819861
12.996421
12.988634
12.875083
12.772986
12.675743
12.641970
12.615459
12.543441
12.585377
12.653200
12.622278
12.875644
12.837157
12.772971
12.682052
12.634887
12.601939
12.617506
12.681498
12.590797
12.670977
12.605885
12.589952
12.510278
12.432696
12.366848
12.385604
12.342407
12.529769
12.500657
12.412385
12.455332
12.524312
12.485853
12.478413
12.512539
12.478617
12.386603
12.392619
12.388552
12.344880
12.263514
12.191786
12.241411
12.134005
12.102274
12.170950
12.066853
11.969887
12.055959
11.980980
11.939171
11.984286
11.912637
12.103416
12.176246
12.313318
12.266836
12.179713
12.279485
12.323379
12.642969
12.738960
12.771848
12.802271
12.775374
12.839957
12.769036
12.781009
12.659812
12.730663
13.117367
13.035538
13.005148
13.042935
13.068469
13.197389
13.319145
13.243392
13.212655
13.141749
13.177288
13.090881
13.027581
13.029875
12.940862
12.916161
13.024351
13.349520
13.234424
13.360412
13.316097
13.222699
13.240165
13.350981
13.337924
13.274220
13.336685
13.265921
13.590826
13.534408
13.421233
13.393531
13.284528
13.231991
13.113652
13.281335
13.105887
13.023195
13.020709
12.983221
12.908115
13.114505
13.067469
12.998508
13.009476
12.961394
12.987167
12.916770
12.844274
12.813941
12.505281
12.364549
12.753928
12.686512
12.576166
12.903531
13.078588
13.060422
13.482820
13.435471
13.368174
13.546793
13.681466
13.766027
13.708637
13.775014
13.706149
13.764698
13.694462
13.704978
13.721843
13.608388
13.605811
13.559438
13.550370
13.480700
13.430174
13.460062
13.393245
13.408323
13.356358
13.353736
13.606706
13.591642
13.509021
13.192995
13.138691
13.209372
13.371014
13.368192
13.337510
13.414321
13.286052
13.271381
13.436558
13.364963
13.367266
13.396586
13.292078
13.254746
13.493405
13.383491
13.444843
13.543102
13.617627
13.537422
13.417856
13.595098
13.576961
13.457083
13.371100
13.421773
13.564371
13.852473
13.801187
14.044751
14.068586
14.238987
14.189118
14.152113
14.192143
14.171098
14.214563
14.319153
14.252855
14.162826
14.195151
14.184041
14.109665
14.179901
14.056720
14.125243
14.023681
14.160482
14.248415
14.191161
14.179282
14.284889
14.193700
14.266059
14.132789
14.082742
14.062599
14.105662
14.066395
14.018794
13.917480
13.919470
14.049450
14.147160
14.213497
14.525091
14.621755
14.632654
14.581327
14.725020
14.578837
14.588286
14.578474
14.623159
14.670440
14.621524
14.731680
14.657089
14.551518
14.545023
14.557437
14.429140
14.290051
14.221561
14.175930
14.153841
14.114481
13.998063
13.981572
13.880899
13.979556
14.019167
14.420606
14.422885
14.490951
14.441782
14.494138
14.415477
14.370095
14.409414
14.283710
14.232580
14.388679
14.310228
14.204328
14.318515
14.173219
14.158320
14.152442
14.064720
14.021974
13.924302
13.883043
13.881522
13.907497
14.008151
13.948332
13.850462
14.027440
13.909645
13.803355
13.815122
13.774722
13.756885
13.915687
13.871968
13.931053
14.024339
14.259090
14.152549
14.067933
14.063829
14.113237
14.532617
14.533753
14.483862
14.452466
14.344262
14.300690
14.127209
14.177273
14.175712
14.205669
14.157078
14.115528
14.003239
14.113508
14.060075
14.359446
14.331077
14.266933
14.421110
14.298839
14.281722
14.270786
14.263764
14.374793
14.414392
14.298813
14.422253
14.660000
14.977450
14.985711
14.889264
14.772309
14.659452
14.548124
14.543091
14.464455
14.352797
14.340508
14.576297
14.516644
14.378851
14.338613
14.413679
14.391792
14.361071
14.482780
14.452400
14.344803
14.299192
14.203952
14.060847
14.308870
14.239609
14.176845
14.117129
14.056871
14.266027
14.140520
14.373822
14.526509
14.626243
14.616193
14.628574
14.553263
14.439803
14.392020
14.371725
14.237729
14.220355
14.295380
14.192086
14.132314
14.045683
13.976446
14.020111
13.958114
13.812948
13.668230
13.672942
13.512574
13.508248
13.780646
13.851919
13.696677
13.605766
13.552782
13.634931
13.590784
13.623047
13.559119
13.551175
13.518020
13.728528
13.971773
13.981802
13.959295
13.802084
13.685370
14.018303
14.084047
13.926513
13.880471
13.917620
13.915737
13.856404
13.899296
13.885175
13.797510
13.848946
13.707589
13.752541
13.668257
13.617104
13.849142
13.530428
13.500591
13.432880
13.404829
13.438722
13.534066
13.512494
13.435873
13.331856
13.374208
13.444658
13.516254
13.406467
13.329374
13.363655
13.487498
13.460236
13.370443
13.355414
13.331135
13.642032
13.684625
13.565861
13.525450
13.569886
13.461375
13.443210
13.265120
13.274308
13.480909
13.404971
13.383333
13.486903
13.728141
13.601859
13.504505
13.467083
13.513695
13.616495
13.615980
13.506230
13.594001
13.663082
13.541287
13.449274
13.543973
13.477656
13.580151
13.605806
13.578460
13.585128
13.520094
13.464152
13.805362
13.691201
13.870789
13.884526
13.839717
13.962361
13.867175
13.788307
13.713339
13.844026
13.882201
13.831327
13.720547
13.799593
14.578168
14.440159
14.609782
14.549352
14.609587
14.732342
14.688565
14.685060
14.620152
14.514004
14.463293
14.633160
14.609465
14.890900
14.996727
14.909537
15.047060
14.910572
14.582250
14.471200
14.585452
14.589178
14.650843
14.614283
14.532027
14.612671
14.286052
14.225727
14.198918
14.141718
14.202379
14.264911
14.289725
14.322269
14.278374
14.179715
14.245224
14.294644
14.257286
14.153612
14.120098
14.076930
13.890362
14.041236
13.919376
13.982689
13.979673
14.053704
14.021633
14.015122
14.144445
14.088410
14.252230
14.210029
14.129466
14.044406
14.037098
13.925624
13.968445
13.823460
13.837472
13.749213
13.794157
13.801509
13.825241
13.800509
13.961189
13.981522
13.876534
14.368391
14.373653
14.411089
14.442836
14.375317
14.272678
14.140402
14.034848
14.027578
14.016666
13.973379
14.020979
13.992649
13.873973
13.884057
13.795294
13.901236
13.990716
14.081200
14.332584
14.245726
14.290796
14.232721
14.224842
14.289840
14.404391
14.367532
14.449213
14.426991
14.399847
14.349860
14.382365
14.344112
14.356119
14.718135
14.940839
14.918336
15.071048
15.083508
14.935858
14.996450
14.902687
14.801774
14.865503
14.794737
14.735822
14.724747
14.637110
14.577409
14.539419
14.535133
14.453681
14.583883
14.595208
14.888382
14.891181
14.774882
14.734418
14.815671
14.907476
14.886504
14.806465
14.782019
14.721369
14.657189
14.538760
14.441422
14.816701
14.982008
15.283469
15.266271
15.312101
15.198517
15.322204
15.309765
15.437991
15.428733
15.399508
15.295016
15.275771
15.395520
15.325682
15.402494
15.479825
15.382675
15.411429
15.395937
15.658347
16.019289
15.909511
16.005356
15.931887
15.902513
15.806735
15.725375
15.448124
15.476834
15.595494
15.589876
15.728931
16.007698
15.867185
15.916220
15.784418
15.764194
15.702825
15.578775
15.828995
15.773842
15.914610
16.417075
16.681555
16.649818
16.645967
16.496076
16.608569
16.614435
16.718214
16.830026
16.984526
16.910865
16.887468
16.964539
16.907129
16.984263
16.899190
16.753249
16.926070
17.063287
17.098154
16.917091
17.051559
17.016645
16.991944
17.106081
17.109965
17.019162
16.733259
16.629260
16.569007
16.575156
16.511888
16.694831
16.573743
16.450054
16.599326
16.649263
16.549604
16.852951
17.059993
17.125634
17.322121
17.292682
17.276871
17.195460
17.293741
17.631084
17.641472
17.686361
17.544455
17.475544
17.319367
17.256863
17.241315
17.100683
17.317470
17.234352
17.139193
17.092879
17.118726
17.284626
17.383789
17.252354
17.165104
17.289159
17.476393
17.466879
17.461567
17.521504
17.363084
17.388153
17.563883
17.573824
17.449047
17.290909
17.167095
17.147975
16.977482
17.050900
17.019008
16.895413
16.859095
16.759557
16.871001
16.989433
16.933323
17.040629
17.003785
17.063552
17.126012
17.261320
17.371298
17.382795
17.292513
17.256974
17.124804
17.129274
17.034212
17.321012
17.225278
17.104314
17.194043
17.205518
17.132301
16.980163
16.876415
16.908204
16.980286
17.194460
17.211071
17.455960
17.372781
17.357663
17.332263
17.235718
17.141719
17.287859
17.401279
17.473195
17.593262
17.533493
17.741038
17.735318
17.753694
17.712823
17.782714
17.825679
17.811535
18.098972
18.019069
17.889821
18.126276
18.324248
18.327392
18.704937
18.641319
18.660994
18.731358
18.751949
18.810339
19.380575
19.179054
19.129587
18.995442
18.809566
18.713074
18.868888
18.726454
18.491916
18.465867
18.308176
18.358377
18.371246
18.452589
18.769643
18.736003
18.765659
18.635737
18.541789
18.585325
18.481186
18.445509
18.404260
18.517723
18.459428
18.310097
18.214222
18.151329
18.068870
17.925240
17.927212
17.869521
18.011487
18.083180
18.097204
18.289761
18.632973
18.861889
18.501800
18.378255
18.178512
18.131062
18.116072
18.450319
18.556816
18.762307
18.713114
18.559749
18.479872
18.381683
18.300839
18.149016
18.283715
18.174033
18.132947
18.083529
18.132704
18.316581
18.309250
18.264157
18.174504
18.056540
18.208945
18.111785
18.384127
18.228506
18.181093
18.125438
18.185110
18.223396
18.256577
18.332755
18.568535
18.399042
18.534870
18.559592
18.609996
18.511118
18.444777
18.521508
18.528361
18.580018
18.495840
18.362852
18.350012
18.378969
18.409240
18.244671
18.192360
17.830810
17.765925
17.981739
17.856801
17.987368
17.846924
17.875546
17.807961
17.678116
17.631848
17.552002
17.443832
17.543099
17.391430
17.413265
17.242998
17.319203
17.221569
17.187210
17.058910
17.373943
17.263207
17.489721
17.472405
17.378580
17.861298
17.748648
17.613600
17.572074
17.518002
17.513500
17.568504
17.535208
17.472214
17.495593
17.578245
17.584139
17.656312
17.588916
17.643942
17.851216
17.691426
17.767697
17.628611
17.585010
17.398574
17.453676
17.483973
17.528008
17.499284
17.570711
17.618290
17.647153
17.566379
17.511681
17.493385
17.512897
17.608475
17.539175
17.690353
17.738968
17.598301
17.624304
17.643745
17.702458
17.670892
17.666224
17.632889
17.524614
17.637755
17.781809
17.804645
17.819670
17.715053
17.746880
17.595435
17.999601
17.908612
17.946315
17.913795
18.060908
17.944416
17.793305
17.801720
17.971378
18.126787
18.292069
18.118363
17.925244
17.978381
17.901304
17.734335
17.588518
17.467797
17.328907
17.195868
17.132377
17.058331
16.891928
16.793197
16.680925
16.615650
16.671945
16.617553
16.681625
16.680920
16.349481
16.390790
16.504518
16.617611
16.793299
16.685145
16.723518
16.640290
16.769387
16.687631
16.942334
16.856290
16.755616
16.733431
16.733523
16.921354
16.920441
16.757151
17.035464
16.970235
17.070708
16.973439
17.170362
17.132792
17.390214
17.416389
17.377733
17.294458
17.386968
17.823192
17.754793
17.589637
17.549204
17.411198
17.531527
17.365261
17.260680
17.634684
17.548135
17.647743
17.703849
17.803012
17.827265
17.781055
17.720590
17.853655
17.494167
17.537141
17.560141
17.457954
17.617795
17.817284
17.766559
17.967949
17.837880
17.748034
17.586054
17.759860
17.631934
17.496419
17.582624
17.627511
17.611401
17.605833
17.615226
17.554407
17.549234
17.508708
17.514121
17.712052
17.513851
17.698730
17.671305
17.848574
17.752669
17.637799
17.572983
17.677760
17.779038
17.674884
17.426599
17.454479
17.387882
17.356628
17.207157
17.560569
17.819575
17.755944
17.756778
17.855220
17.725281
17.889080
17.988780
17.814255
17.709615
17.727147
17.932032
17.837902
17.802865
17.689116
17.500494
17.546605
17.488365
17.471229
17.362362
17.369632
17.253965
17.206962
17.483908
17.360484
17.389811
17.322600
17.037842
17.043300
17.174849
17.203465
17.097157
17.052482
16.925241
16.937520
17.117917
17.161973
17.074996
17.032798
17.427692
17.283641
17.432758
17.314151
17.119887
17.032566
16.833861
16.876438
16.778527
16.759194
16.865741
16.847240
16.768317
16.690595
16.636703
16.736300
16.677622
16.612386
16.668740
16.956411
16.838816
16.687643
16.528532
16.404053
16.365810
16.427145
16.342218
16.295022
16.206001
16.211761
16.245224
16.379482
16.321021
16.347262
16.299280
16.440682
16.395826
16.322570
16.348669
16.307737
16.210068
16.069827
16.118955
16.077987
16.019756
15.957464
15.910742
15.893873
15.822340
15.759559
15.637367
15.598838
15.661385
15.539351
15.703051
15.675601
15.968544
15.851037
15.994594
15.952159
15.839037
16.061327
15.844643
15.968020
15.813573
15.664308
15.708737
15.697899
15.475642
15.373180
15.667034
15.646476
15.599250
16.278733
16.282439
16.454475
16.592318
16.825164
16.475936
16.431207
16.641941
17.042740
16.940115
16.838411
16.760217
16.571500
16.311285
16.231874
16.186058
16.157019
16.079501
16.097287
16.126572
16.175993
16.339899
16.259125
16.195739
16.102441
15.954352
15.841717
15.678985
15.728170
15.723269
15.585618
15.675490
15.615441
15.718088
15.684130
15.565942
15.433662
15.302114
15.175619
15.084863
15.199415
15.153643
15.322696
15.181162
15.254343
15.380021
15.303720
15.279480
15.290284
15.272702
15.306934
15.419138
15.372468
15.304743
15.188204
15.206432
15.430204
15.603500
15.892521
15.823108
15.949175
16.212821
16.246898
16.201702
16.198149
16.166072
16.118441
16.174520
16.230447
16.067081
16.542700
16.399615
16.494048
16.468412
16.456149
16.420744
16.343609
16.629436
16.630105
16.883059
16.763887
16.932248
16.908581
16.810798
16.733244
16.386310
16.313894
16.261208
16.140481
16.110361
16.185238
16.339431
16.356608
16.432001
16.289403
16.332609
16.248183
16.519368
16.378233
16.242728
16.173301
16.239129
16.138362
16.155261
16.018378
15.988478
16.056609
16.125988
16.104597
16.026214
15.982635
16.021617
15.958371
15.881150
15.715284
16.020495
16.062722
16.033354
16.002124
15.843971
15.838836
15.685804
15.608716
15.604944
15.512589
15.671378
15.674781
15.527923
15.497722
15.502116
15.357963
15.391050
15.305114
15.316356
15.397658
15.442964
15.479988
15.836605
15.906989
16.086303
16.227946
16.109046
15.992213
15.913489
15.868795
15.917675
15.784306
15.732752
15.620009
15.601400
15.557419
15.666290
15.599424
15.603824
15.590749
15.556418
15.547763
15.400090
15.303200
15.289509
15.312209
15.208342
15.121669
15.067578
15.128354
15.473659
15.725859
15.690768
15.887941
16.072908
16.116185
16.345498
16.355229
16.296412
16.235532
16.281150
16.135421
16.259968
16.196486
16.185634
16.050790
16.247444
16.162831
16.197646
16.587518
16.557642
16.435384
16.320086
16.568543
16.963367
16.844088
16.920871
17.073897
17.128158
17.001591
16.923973
16.758939
16.678083
16.767802
16.712711
16.808504
16.744763
16.788704
16.689792
16.901727
16.775490
16.662088
16.830637
16.823183
16.680842
16.681063
16.568942
16.903518
16.860887
16.748493
16.781282
16.751654
16.580308
16.453786
16.307014
16.358150
16.240856
16.214988
16.229891
16.377063
16.432608
16.538288
16.522777
16.458020
16.794923
16.704974
16.722424
16.855207
16.687102
16.560744
16.670229
16.613265
16.780570
16.849824
16.793096
16.908334
16.989079
17.036981
17.066967
16.931592
16.939230
16.945164
16.826046
17.042952
16.986843
16.859808
16.774710
16.633471
16.780983
16.728605
16.616099
16.466727
16.382613
16.224855
16.256246
16.398028
16.335135
16.300621
16.442535
16.422664
16.504879
16.356226
16.683689
16.728038
16.952480
16.890288
16.833886
16.945087
17.060303
17.176516
17.095029
17.023703
17.049692
16.997933
16.848004
16.836416
16.751228
16.612811
16.655047
16.724007
16.650392
16.614730
16.327113
16.227397
16.552069
16.439975
16.402988
16.721325
16.647437
16.511558
16.528628
16.457342
16.654359
16.515842
16.385575
16.371065
16.312256
16.277003
16.332911
16.262268
16.189883
16.178995
16.164778
16.099488
16.122109
16.179609
16.094415
15.956229
16.133328
16.130564
16.052992
15.834148
15.793417
15.729810
15.685127
15.646747
15.564661
15.685725
15.640454
15.655167
15.729908
15.628014
15.488558
15.398348
15.804700
15.823452
15.887230
15.730624
15.721290
15.831619
15.797611
15.873635
15.768009
16.162440
16.183851
16.026468
16.312425
16.191089
16.257355
16.208001
16.085322
15.967868
15.899748
15.950744
15.767930
15.893014
16.012623
15.971670
15.843891
15.859508
15.927354
16.012073
15.935459
16.056596
16.030705
15.969736
15.843308
15.826713
15.761530
15.622987
15.744961
15.623290
15.340365
15.407123
15.407194
15.813530
15.704060
15.695805
15.721501
15.602008
15.529607
15.790917
15.655416
15.798696
15.768091
15.904789
15.969075
15.924610
15.878364
15.831614
16.177624
15.967865
15.906055
15.966091
15.898612
15.745350
15.727778
15.615438
15.542402
15.461334
15.318364
15.298864
15.269973
15.341694
15.380988
15.545852
15.537708
15.509676
15.339485
15.536656
15.548541
15.406340
15.721816
15.577759
15.558210
15.197357
15.086937
15.161026
15.283620
15.170974
15.219455
14.812831
14.730857
14.630700
14.563719
14.490904
14.483693
14.441901
14.388535
14.269080
14.139248
14.437424
14.361604
14.482003
14.401929
14.643071
14.543807
14.572193
14.615913
14.651631
14.636728
14.686671
14.592349
14.629307
14.645844
14.648135
14.761469
14.633613
14.821051
14.780561
14.642685
14.607177
14.280461
14.346109
14.369587
14.571973
14.441087
14.349373
14.236927
14.459215
14.870151
14.752950
14.707839
14.648270
14.613749
14.740312
14.834075
15.056020
14.849787
14.885969
14.556673
14.755971
15.011680
14.973906
14.968433
15.171219
15.292577
15.483178
15.557888
15.348431
15.234628
15.164470
15.050033
15.039682
15.069645
15.340932
15.356111
15.226393
15.340469
15.297652
15.527813
15.494120
15.363881
15.251101
15.370337
15.228293
15.155749
15.030671
15.892982
15.778274
15.885712
15.745479
15.630935
15.651003
15.724777
15.875775
15.801248
15.613513
15.667052
15.628342
15.835226
15.788470
15.643653
15.650379
15.577083
15.494703
15.526387
15.458704
15.453955
15.379594
15.415141
15.315489
15.565428
15.573273
15.609925
15.523297
15.389131
15.383376
15.282595
15.376103
15.422965
15.306524
15.336021
15.302773
15.275691
15.291716
15.416763
15.308486
15.332309
15.457891
15.428635
15.408506
15.662706
15.978643
15.992577
15.653050
15.633092
15.512784
15.493953
15.366910
15.774200
15.763608
15.896382
16.063836
15.988039
16.013691
16.229354
16.115710
15.994031
15.965124
15.851796
15.708952
15.782363
15.776010
15.752789
16.156142
16.417494
16.555333
16.479487
16.437253
16.361910
16.478562
16.452827
16.593205
16.631288
16.666451
16.300348
16.578616
16.465615
16.444609
16.385150
16.453101
16.584167
16.601229
16.516447
16.530151
16.423646
16.404813
16.540844
16.626221
16.484080
16.471941
16.316713
16.874431
17.218808
17.353875
17.031141
17.026516
16.975973
17.013426
17.011911
17.020242
16.877554
16.762524
16.639671
17.000930
16.918526
16.798531
16.650286
16.599244
16.703041
16.627385
16.644435
16.547785
16.440170
16.475052
17.023560
16.966328
16.617110
16.551953
16.874643
16.929975
16.917358
16.951685
17.150988
17.086833
17.389159
17.437173
17.486006
17.399337
17.357879
17.237896
17.343022
17.298665
17.312234
17.469266
17.855497
17.869386
17.709414
17.735986
17.664932
17.811856
17.982108
17.948158
18.202073
18.091212
18.095476
18.203174
18.602939
18.787080
18.708096
18.780720
18.667612
18.615085
18.662031
18.584271
18.483245
18.515441
18.457748
18.323045
18.488929
18.579504
18.771274
19.011596
19.030384
18.878080
18.901098
18.841737
18.923431
18.869928
18.826622
18.712262
18.614417
18.615726
18.474192
18.346862
18.508049
18.378559
18.242387
18.220610
18.305888
18.233167
18.610926
18.578780
18.433820
18.368267
18.212874
18.221657
18.210542
18.159294
18.174899
18.144260
18.399162
18.373348
18.314543
17.950411
18.299740
18.399187
18.351382
18.306002
18.216399
18.322918
18.329602
18.202401
18.109123
18.015612
18.150722
18.061947
18.008778
17.890240
17.773545
17.860926
17.706083
17.568919
17.507761
17.419272
17.286765
17.234564
17.315281
17.545486
17.537203
17.516269
17.393939
17.292158
17.112008
17.179208
17.277680
17.259631
17.306570
17.265253
17.236987
17.272602
17.092988
17.216231
17.184816
16.832708
16.700418
16.673812
16.875684
16.911560
16.643335
16.739626
16.392217
16.556690
16.539821
16.379903
16.281005
16.490899
16.405632
16.573748
16.464280
16.314657
16.437210
16.351980
16.189772
16.085488
16.053356
16.098605
16.113563
16.053148
15.931338
15.755607
15.740201
15.608768
15.796393
16.043417
15.993986
16.540740
16.887359
16.752092
16.796882
16.701887
16.634902
16.590485
16.645626
16.870806
16.979292
16.888832
16.539883
16.200310
16.337424
16.320371
16.283978
16.323771
16.214945
16.314995
16.247448
16.247686
15.935289
15.741664
15.715792
16.118837
16.077068
16.000944
15.991791
15.907284
15.790119
15.669771
15.719119
15.772562
15.648360
15.707600
15.693810
15.647320
15.614014
15.605338
15.766939
15.882283
15.877603
15.779107
16.067272
16.045741
15.998467
15.891407
15.970743
15.862600
15.869816
15.783074
15.731475
15.836773
15.836405
15.716382
15.841774
15.752313
15.789580
15.729529
15.727237
16.013527
15.997581
16.347959
16.286051
16.139350
16.089377
16.102002
15.854707
15.932709
15.933529
16.184697
15.842596
15.993220
15.840274
15.802330
15.669976
15.603974
15.578880
15.657602
15.561114
15.818503
15.829263
15.964781
15.991990
16.112398
16.358666
16.118257
16.041430
15.999265
15.959220
15.991184
16.197113
16.007001
15.973628
15.926426
15.795450
15.646331
15.656438
15.710487
15.506566
15.473869
15.521454
15.698634
15.763962
15.644225
15.656083
15.799975
15.671261
15.551369
15.738275
15.718886
15.868918
15.801430
15.978358
15.960475
15.905121
15.776100
15.668738
15.580174
15.490458
15.582744
15.608481
15.550868
15.573210
15.623111
15.615908
15.487749
15.386075
15.424819
15.340597
15.415208
15.354099
15.324207
15.528696
15.523415
15.439684
15.292963
15.254524
15.148083
15.024602
15.354869
15.221199
15.176728
15.154595
15.201212
15.509836
15.499557
15.489577
15.803465
15.746892
15.738800
15.664939
15.685121
15.615484
15.782054
15.789139
15.788915
15.795986
15.692635
15.855760
15.774465
15.990943
15.858928
15.976016
15.891805
15.859467
15.864922
15.947103
15.870723
16.013466
16.073695
