-7.692527
-25.225926
-7.225926
-16.714935
-12.037726
-9.202318
-5.127645
-3.098178
-9.285906
-3.669685
-23.280931
-16.825926
-6.172222
-11.318852
-23.672318
-17.998893
-12.790446
-9.425884
-19.236063
-16.182258
-15.839247
-16.448974
6.609770
-10.828049
-17.365337
-16.750000
-17.210526
16.773318
-12.408065
-18.369760
-17.969930
-10.623729
-3.852996
-13.231579
-11.612264
-10.557554
-1.154849
-4.040230
-4.669930
-17.682822
-2.838199
-2.798315
3.016901
-0.848246
2.892294
3.086424
-9.532192
-13.784940
-6.574497
-11.832432
4.781081
-9.925884
-9.015789
-17.944304
-3.081579
-17.495399
-0.254717
-16.053245
-2.223134
16.410236
-12.274675
3.334387
-10.236207
-0.457143
4.431481
-11.484615
-5.352589
-1.376230
-1.373729
-3.296091
-12.082822
7.639568
4.569799
0.857143
-24.575000
-7.025000
-2.896091
-29.017450
-17.965079
-16.279747
0.981939
5.995614
8.655556
-12.188835
-1.711111
-1.912030
-5.873427
-17.955017
-17.966454
1.772535
-18.089439
-2.921299
2.293676
-13.967610
-18.618343
-17.907143
9.571285
-6.619188
-2.621478
-18.057664
14.085185
-1.545016
-9.933898
16.471318
-18.037410
-2.204037
-5.465613
1.514789
-23.059677
-13.821478
-10.354054
-2.672549
-9.394704
-17.985714
2.932491
-3.145053
-12.532192
2.424324
-18.061111
8.812274
18.919847
0.209386
7.251375
2.986885
6.864184
-17.986207
-15.623810
5.571318
-0.187726
-3.931159
4.757895
-3.642739
3.839552
11.414286
-2.888835
-5.765789
7.978522
-14.754075
13.546269
-5.130769
4.121986
13.292322
-18.073427
20.266109
-9.180495
-18.037621
1.930070
-4.674834
1.215517
5.061960
-4.100000
9.063399
-0.346970
-6.563559
19.591339
-2.805891
4.441188
3.605556
1.987970
-7.386217
0.220561
8.950554
0.467808
-10.249331
11.895105
-18.067606
-1.130916
2.163399
7.524567
4.933333
9.923077
9.223077
1.787113
-18.097452
11.483333
1.150000
15.651375
-18.054610
-14.610526
10.268421
-28.052330
9.294056
11.986691
2.850000
-25.960299
15.166667
18.482759
8.614094
26.523554
-9.038762
13.653957
2.903909
-0.133333
13.857261
13.986441
16.972483
12.419048
-3.247541
11.346057
2.712069
4.091935
18.003047
-3.971429
4.654054
13.860526
-21.431235
13.257261
-2.880699
-1.233333
-0.925623
10.895902
-4.583333
-11.982192
0.010653
16.243820
-18.096370
-11.462937
-2.494444
13.633333
-17.841749
-4.525637
1.474390
18.772792
-18.265385
13.509091
22.502290
-0.154128
23.742466
14.520199
12.561238
29.849296
4.577211
-1.291935
8.759434
-25.871951
11.331148
10.600000
34.057576
25.408081
18.275166
6.993662
7.454947
12.405932
14.179211
9.768493
15.700376
16.307087
54.232432
3.282628
13.473077
6.019380
7.357865
8.768345
4.779693
-28.977273
-1.824183
2.072603
8.278571
13.470480
-0.038235
24.141077
32.931250
3.557692
-1.308442
10.433505
6.992308
15.992617
15.370588
4.920175
6.945638
24.387801
14.466667
14.418182
-2.574699
6.617770
9.931884
9.498201
8.953300
16.696167
17.074227
11.009677
21.561238
29.336691
20.481250
5.625610
20.147826
10.446610
17.979310
-15.954849
8.872924
4.996392
-0.917470
39.092308
16.460345
35.861765
11.053406
15.661733
7.317808
-0.002038
10.702482
9.795255
29.208621
2.721223
3.609712
24.944268
0.576596
0.792424
13.722742
11.517647
19.909386
3.640067
-14.072034
4.672028
24.899442
18.447411
-18.033333
17.666667
17.584211
2.303012
22.382650
6.002076
11.653521
16.575000
3.236207
7.674564
-16.561688
1.108197
2.741195
10.214894
9.168345
6.893082
40.622464
26.619632
13.884014
13.650000
12.823529
13.787948
2.118557
41.834962
18.683737
16.874919
6.727966
1.808824
-18.078082
22.346021
6.890066
10.826119
34.366038
6.848673
14.161538
43.844534
6.168551
27.771986
29.789189
8.497552
10.211111
1.239632
9.793836
10.721053
-17.992913
15.784588
14.154545
8.841176
5.224564
9.202827
16.822085
26.958581
20.694108
23.002899
11.700000
0.204890
11.525000
20.091139
18.380769
19.003114
40.461702
14.283447
23.436957
1.094850
26.142395
5.108475
11.616561
30.748322
-2.410067
3.978947
7.092907
19.722064
33.119380
25.837102
23.761111
-4.047880
2.727273
-1.128173
8.956250
67.284483
1.376596
11.104040
4.888889
21.395425
2.568919
26.009386
9.415517
9.096032
8.040741
3.475166
20.516667
17.431373
8.187589
20.688235
26.891815
10.037037
17.892607
26.932491
7.646032
36.663158
13.878405
22.972973
10.245907
14.845620
4.595638
8.537037
4.821429
26.024490
13.653521
-0.535168
7.339628
17.934100
11.685043
7.966667
8.266129
9.525352
62.463799
-5.664085
23.128522
4.210127
56.082243
12.111268
20.724074
7.011268
12.607143
20.083449
4.087037
9.699291
8.058065
32.476271
11.262590
6.025806
6.396358
32.682154
10.628261
17.340909
2.076761
23.787117
37.176846
30.383333
2.951325
21.493945
50.522476
33.283333
-0.574725
11.342096
32.365517
17.418345
10.762264
15.742105
1.638983
9.144262
8.534146
25.453047
9.124721
7.450746
6.390141
25.295238
1.108434
15.060993
17.900000
25.383688
13.044776
10.807092
22.247552
4.348820
4.994816
10.678947
5.571429
21.230488
12.822742
15.200000
28.692336
44.407547
5.469751
12.384733
9.198706
14.276707
1.238506
28.737838
8.969014
4.300763
21.051049
15.596903
8.112162
14.655205
32.872222
7.353509
17.479211
42.635374
45.686803
5.558632
8.027966
4.350820
8.247260
11.987719
8.034483
42.951701
16.754819
15.722951
0.651303
34.504947
8.140909
8.216724
1.701639
10.202970
5.440066
2.743791
22.519799
24.368493
31.964184
2.633333
8.839628
-7.686901
11.421300
57.325949
28.118493
12.635484
10.445890
12.435099
-17.876307
10.038658
11.031847
21.952941
4.478808
15.951852
-18.011864
-3.860067
11.200369
17.854545
16.022314
-17.960933
13.927666
9.627835
32.953150
25.155556
1.200000
0.966456
5.407865
32.987801
3.090221
12.403630
8.551852
1.388983
37.733096
5.983784
13.210039
7.615686
7.550000
22.036913
9.372510
14.872054
13.737113
42.373498
1.502313
19.801527
19.194268
22.131900
9.294444
15.647788
-18.076527
4.915789
7.126978
3.589130
5.804545
9.622951
10.908696
5.510884
14.171044
7.331319
11.732051
6.335294
15.961538
2.352313
5.577778
9.790975
5.788907
9.644776
-1.658960
31.768868
5.568794
9.627526
10.659752
23.681250
25.723256
20.137276
18.304545
18.751049
0.011371
21.936396
6.521918
11.910039
5.647445
3.896154
5.141026
31.907261
39.075424
32.188889
14.296491
22.798221
3.497887
10.898706
23.433578
2.870779
50.788710
9.623841
11.090541
-18.008805
9.442857
12.638047
15.514286
16.741489
-18.087417
20.417460
17.950794
2.602020
-0.748962
11.014286
28.466667
8.073290
26.997070
15.687102
15.294850
30.806931
1.647260
9.473129
31.110526
39.484211
36.096610
31.551408
12.015574
17.440406
55.209343
17.100000
8.703030
7.022591
7.109752
7.593653
6.810753
10.363433
11.746154
30.338516
4.745570
4.919751
27.224567
3.955923
21.455556
6.127778
5.220034
36.892701
7.569014
4.780258
4.305814
12.718601
-0.927215
-19.502802
18.766667
10.873121
19.231579
16.728571
25.814540
22.007692
19.839628
2.948649
23.039373
16.342907
17.971986
15.631922
14.130037
8.539369
26.284775
4.919014
10.948502
16.075692
2.317476
43.682491
10.733871
28.475325
-0.066667
17.125000
9.816724
10.178514
10.591935
37.572383
12.104029
8.396032
8.070034
13.818456
13.242662
1.570270
14.804545
17.369355
13.146154
10.846715
9.158885
5.839766
28.551625
19.383121
4.920034
14.322222
34.621698
18.200000
25.404152
10.283333
30.317834
38.159770
23.133449
26.471429
19.158911
1.117925
18.232699
0.331661
4.171918
5.554545
15.980488
8.185799
48.235915
15.791139
14.215385
53.287956
5.639144
17.661628
23.508547
32.425180
22.327138
53.959316
2.006854
-17.970588
6.210884
21.274490
9.196715
9.111538
19.888028
8.507249
-0.191223
16.266667
7.762245
-2.160394
-3.759934
13.971769
25.108621
13.152959
24.773077
16.045055
3.973473
19.447181
-18.028571
10.862162
0.128370
-9.657229
33.835324
11.564706
11.450980
19.462903
23.388889
15.637037
2.941195
-0.193146
1.122118
21.508835
2.870270
28.305670
5.933779
8.516667
11.868456
25.607071
10.363445
-18.000000
36.682653
28.778571
48.046021
9.631034
8.983333
0.893594
8.707249
-18.097880
14.546392
19.988462
2.697810
17.071769
9.400334
14.253521
0.500000
8.290975
11.893586
28.075439
22.689847
8.933333
1.100746
46.260377
-17.170065
7.418794
17.377211
20.862590
12.743689
13.583784
31.824227
26.856367
17.596580
12.215873
11.969231
22.636391
18.803534
12.754545
31.546580
1.626761
12.254626
6.100000
22.905556
4.060884
22.178981
32.600000
3.702310
2.240221
10.300746
12.799284
8.387948
16.766129
2.567550
2.883721
1.883555
30.451908
7.755556
13.531511
10.007143
9.846541
7.475926
6.265094
-1.028979
29.874074
10.614894
8.532258
23.325610
4.192857
12.074164
1.712579
12.814894
21.980057
1.593791
16.991139
2.855923
17.907792
24.269298
12.721918
13.167110
0.397887
9.785826
17.285659
6.952648
0.833333
5.651887
7.501303
29.751493
21.119965
53.475490
10.872591
18.852649
7.028370
11.171223
24.605051
8.610180
12.709464
4.847887
9.340541
-0.230671
31.412069
12.845455
26.528311
14.115468
28.384663
11.969751
-18.025153
3.672222
15.166667
13.092294
4.704983
20.643082
18.154545
21.470480
3.042994
11.485507
-1.601032
5.612752
23.804984
35.735593
30.121505
9.513636
5.300000
11.867532
8.403776
3.590698
15.320183
10.673835
30.497070
11.259119
10.343770
36.908621
16.424638
18.544610
19.958042
36.159459
11.576978
36.542308
5.403300
2.228814
16.495390
6.197887
37.874567
10.751341
3.280645
10.950746
5.215789
9.961268
6.602640
6.838907
6.720758
35.282491
42.845614
22.438889
15.744610
5.992308
16.573186
5.874684
24.592105
23.623770
12.511268
17.563322
9.090909
11.896350
21.494521
56.082578
7.145638
20.941781
3.301303
17.498502
7.750334
6.398305
23.920149
13.690141
63.617671
12.035689
9.664261
15.837102
15.004290
41.881081
1.918644
8.361538
41.081293
26.093945
2.252313
11.653184
1.448175
-3.922727
31.041065
1.115018
15.237037
26.774638
8.007047
10.334694
0.847619
29.662082
25.529412
10.022591
31.524324
9.925000
21.650664
17.730303
9.803184
12.669841
12.958429
6.490066
19.723770
30.479554
12.254341
11.747678
32.568817
31.250000
-0.673404
27.890067
6.504545
1.481818
19.576923
0.695638
15.931034
11.088235
-2.660032
10.214261
26.748408
47.100000
18.873540
1.072727
1.978808
4.025817
8.024026
33.043945
5.808632
0.717925
10.119231
46.621698
23.518354
-4.218786
-0.976730
4.391409
9.064966
28.752166
4.481661
3.872727
19.049291
15.957692
65.451887
14.970548
11.671233
23.700760
11.593206
15.730328
11.807616
13.673123
7.662752
-0.102740
13.872314
4.828808
46.826580
21.362379
0.891463
12.809502
25.480721
3.445570
31.650376
10.388235
3.728571
5.525524
7.682530
0.065385
8.836909
6.718794
9.378698
13.817687
2.352310
36.707261
30.966667
19.440741
9.374564
24.028395
45.696552
3.479856
29.247368
25.758389
8.723835
61.834106
7.205405
1.287342
11.119048
-17.942767
15.854890
17.827586
15.159966
-0.420968
23.905556
16.019863
13.220079
27.150554
18.922951
34.358621
11.282394
13.636036
7.579630
8.908475
21.716667
13.682090
12.408475
27.685294
10.090909
16.524721
15.079787
47.046468
12.424841
14.437037
5.001342
8.941167
26.252649
22.409966
8.183784
51.504839
25.686424
16.683019
13.178788
46.253448
17.920671
31.927165
8.893770
24.794805
8.632090
7.232258
4.688060
7.558065
10.831884
15.695151
3.301413
18.677011
10.164198
5.031847
-2.908140
3.872222
22.574540
19.469811
21.108682
8.701282
16.854950
14.607865
11.567568
8.350746
5.705853
17.020690
18.005263
14.566327
14.146715
19.487589
0.333540
8.219751
19.075676
7.664261
13.921223
5.557865
7.070779
0.730496
12.454545
28.473077
35.628571
3.440785
16.867939
27.623529
27.700358
16.095390
9.271223
3.112579
8.015961
2.526596
13.623684
23.331967
22.119048
3.261480
7.053754
5.527778
19.150000
11.846715
18.916181
19.855556
55.918627
25.687097
15.539369
5.879856
25.581208
13.387948
19.124648
3.692994
20.723129
4.404983
8.212245
1.143974
4.422118
-0.820968
19.022581
24.894118
-1.699180
23.942105
-0.613355
-5.766216
14.403300
8.095082
-2.244595
10.696715
6.224564
49.495902
8.651342
34.893662
14.139369
12.526923
0.341040
19.303191
25.900669
19.912782
64.371218
2.971387
0.086593
7.961765
-5.779242
27.187589
11.394850
7.377778
28.690323
2.112121
4.341026
15.246491
13.863433
22.149693
2.951413
17.743586
3.128073
27.357261
19.001639
1.458065
-20.645110
18.344776
5.095638
19.631570
26.320478
13.828470
25.118421
22.277044
44.871318
8.042857
4.200617
-18.054093
11.186207
28.907071
14.528571
9.553030
32.619380
11.072222
22.083851
2.684123
15.283784
13.767939
16.516667
13.885830
10.357792
16.047436
8.354290
2.115789
17.331034
23.870588
7.755728
0.828808
12.667110
20.089628
8.030866
31.120183
4.536027
12.708042
8.691167
12.994237
21.890067
10.163158
19.600794
3.095638
11.811480
14.704950
3.422222
5.421453
28.851852
23.544109
22.068874
3.879412
21.804950
15.956410
6.422695
10.741869
1.885897
7.168644
42.274194
33.522924
22.507616
4.877835
49.754545
16.801639
60.069112
2.626316
7.017532
5.741869
62.536792
3.698036
2.776596
6.679508
21.732046
3.538462
17.312903
11.052076
26.940590
25.793248
2.289655
3.022222
8.234483
4.987383
13.596154
7.122727
3.334337
11.358885
13.345907
23.448502
17.206835
7.452970
4.687931
13.011538
1.727816
13.393651
24.054545
12.560039
11.514176
10.032759
6.029508
-0.100847
14.553383
7.441026
5.168644
15.442294
24.581579
16.555352
20.002632
11.743206
2.755814
26.944203
17.721795
6.227027
7.572028
4.641509
10.858696
24.387102
8.728947
4.055556
2.629508
12.400687
7.815789
2.998882
45.545652
-0.317981
14.214724
8.605263
11.857047
10.909935
27.459155
14.580783
14.504040
25.076062
7.125926
10.962583
20.353957
3.964217
8.904029
5.321453
15.883779
19.568612
11.946575
1.283540
26.383657
30.994161
18.396358
12.493770
16.953191
7.150334
13.496491
27.451852
13.278514
5.008475
33.398680
8.871429
0.172911
0.589968
9.100000
10.252120
8.621918
24.929787
2.002310
16.370480
26.691275
5.196386
10.813636
5.322695
4.687931
2.102313
21.345594
6.022936
25.246392
4.341498
6.223835
4.607233
10.609677
6.913777
49.092334
3.526761
9.037354
10.819014
-0.058108
10.525000
33.918868
4.405814
21.088270
32.842063
7.215152
49.292599
22.895775
16.756627
8.320175
2.458777
13.139298
2.480769
23.489139
23.889189
3.447080
38.216667
4.926923
10.163743
15.200000
11.465574
24.095082
4.939968
58.611111
5.374564
6.907752
26.132432
3.014286
17.674684
17.131511
26.695775
7.128073
10.268601
7.912245
14.698052
34.500738
-1.026730
13.913678
16.490909
6.170175
6.772591
11.712245
27.743651
3.017550
18.611538
2.352096
19.863441
4.277273
3.176596
12.971223
25.138028
6.074564
28.537288
6.245137
8.088679
16.848048
7.115789
18.444056
1.577778
8.855901
9.068794
13.962162
2.737383
5.139766
16.825157
0.850000
27.718966
-1.602432
2.483333
4.290785
35.215658
3.930645
4.755814
6.961765
13.830037
19.095151
28.468182
0.519329
12.664261
4.089606
20.362590
26.237705
20.867939
20.542063
6.558632
4.252076
6.536036
20.305941
2.250763
0.556854
18.215686
5.215789
9.103754
4.589606
-1.414706
2.116890
8.351342
1.593974
3.847260
0.954755
10.858885
9.071429
20.097959
7.793750
1.012579
18.041004
42.708014
6.150332
10.639144
2.948649
2.389655
5.119014
24.280830
28.296903
14.937189
16.507692
3.876596
1.330519
7.815152
7.203994
10.247080
5.672603
7.291026
31.350000
6.271429
46.975000
14.832759
13.713605
6.162319
14.481034
4.708632
9.175188
5.240244
3.016456
15.359677
17.734951
18.085659
11.691869
19.771044
30.395082
10.082759
5.285714
23.182051
17.500687
41.867972
24.287589
2.420270
-0.184211
20.640127
2.347945
11.155970
14.635209
18.938047
20.130723
8.849035
2.476316
18.563158
13.219965
19.203960
44.311006
9.903030
17.925000
23.801527
4.697887
2.859524
10.852120
6.497445
17.250000
14.310332
10.112245
1.166109
11.793206
2.979021
0.611111
15.393985
27.541935
-0.063355
3.034337
8.330866
7.322305
9.800000
8.109752
32.898221
24.010811
2.882019
13.162264
9.341869
8.614894
19.462590
30.475896
12.217687
1.633555
2.665385
3.048649
9.298442
9.990909
5.413605
16.737063
19.367687
9.561017
37.958824
9.026978
6.418551
3.681040
7.965574
9.340066
14.158682
19.016667
3.611404
20.608824
6.161765
11.012583
4.622603
4.752020
5.847887
14.242424
8.065961
31.078571
9.618551
3.673473
16.707092
19.353383
8.678405
11.741869
15.890975
9.120295
3.277273
12.988235
11.985849
8.021429
4.208197
5.090785
17.154290
1.500820
8.960884
18.969811
1.761246
2.370270
20.577138
4.558065
7.800000
16.450687
4.819403
30.990590
19.386364
25.883447
7.665152
3.554545
22.156835
16.668919
44.282353
22.242105
16.027778
15.814176
10.112547
19.233660
5.747887
13.966327
0.661296
19.744891
51.401099
4.934483
9.996541
16.783779
15.596350
25.960526
25.372961
5.743791
10.169751
6.122028
16.695620
4.536593
6.760884
13.257047
4.128571
10.470758
23.735115
45.541241
1.839933
25.833225
8.928947
3.976316
14.969258
24.321733
12.045277
6.967557
19.520701
6.260332
45.756383
7.949035
2.216890
10.651083
2.493206
8.030866
1.398036
29.881949
-4.263407
4.836593
12.774684
9.271918
5.472603
33.547059
8.410884
6.171453
14.095238
8.201325
15.538658
5.947445
5.667228
9.810993
-18.052113
-1.567910
51.302482
6.012319
1.651899
45.312698
30.409155
11.262025
55.300209
8.747887
6.705853
31.230070
27.014094
22.137540
8.026978
20.346358
6.888525
19.561111
6.741026
14.746073
15.391503
2.376316
13.350687
8.968551
12.652632
6.583333
8.428144
16.418919
6.778405
14.901049
8.211847
13.094118
38.650738
12.100332
5.329508
-18.093548
7.762583
20.206780
29.373529
13.088889
10.300000
21.018601
0.587342
11.819048
29.789057
6.277027
13.595255
16.299291
2.945751
9.558885
37.120664
2.502020
19.518702
23.270732
20.995620
5.597134
1.580769
31.142096
11.781408
1.589130
4.858815
18.438369
27.681570
42.374567
8.723841
38.157576
16.428261
31.108682
9.252076
10.488679
18.155072
12.087719
18.517568
24.673529
7.689369
5.250000
17.395255
13.084211
6.746386
21.133333
1.861765
20.909016
3.969024
27.703774
22.953774
8.523077
13.003184
24.740031
5.165970
21.429658
0.939024
9.128073
12.068456
18.368919
10.178972
9.306250
3.887354
14.116561
26.917391
23.820480
20.780830
45.372973
24.191483
15.711628
9.500000
28.950554
0.106803
15.523684
13.607087
19.046980
19.351299
9.778788
25.637102
7.272591
4.100000
13.902076
15.786364
1.727707
0.520295
7.441026
9.658475
11.967033
10.217797
2.472695
12.349035
3.914217
23.746580
17.940637
54.163158
14.648502
21.229412
9.574101
19.677376
6.628073
9.877273
18.301908
1.839067
9.170690
29.842446
6.543651
3.720175
25.623064
-0.211093
12.683333
13.570532
5.380258
9.790066
4.254833
9.798305
13.731034
16.478972
23.972924
8.026214
4.161371
31.548221
2.247945
3.280645
14.980037
9.775188
11.990975
29.637063
9.543820
19.780443
23.259712
37.499367
3.604983
5.690950
13.657616
19.004545
56.051292
14.646167
9.544737
11.344262
3.632019
9.987037
-3.047360
19.133546
14.021233
17.171429
9.346575
10.002076
2.886593
25.030132
8.770175
43.997211
11.522591
7.916667
29.684615
2.193974
12.587189
13.188136
13.568531
25.366667
18.334733
2.856452
26.642857
38.196903
46.405052
15.803521
5.341026
3.193791
3.486593
3.526596
14.044850
6.679508
3.298673
13.123841
37.919380
8.611032
0.737383
10.355072
21.845205
12.224924
11.319718
26.531949
11.444816
3.692662
9.783721
4.775188
-0.106557
38.863158
7.382759
7.963166
8.205263
8.091409
34.972383
1.715385
37.470732
29.642446
24.500000
13.621233
15.854290
7.097445
3.207233
9.661538
12.362547
0.972131
12.500315
21.722807
3.966023
8.214894
5.469184
7.122028
18.342857
7.820482
-0.558537
-0.658805
14.139369
-2.363793
13.079935
40.748069
20.907921
-1.672222
4.605556
8.307362
21.767687
9.220175
16.817110
7.230258
12.764706
10.235714
34.568817
38.053047
14.974648
11.731034
-1.761765
2.130645
46.978683
20.592705
-1.669355
9.322305
17.595455
13.729310
7.982394
18.145594
12.487189
5.118675
18.941176
-0.286834
18.202827
5.324101
8.553030
36.820896
-18.022293
10.546715
6.729508
10.627760
16.794118
22.973129
11.376923
5.850334
3.034228
17.567081
20.419136
20.604290
2.537500
5.697260
16.757463
25.747909
10.761268
4.481013
11.867532
10.927526
44.420849
17.901299
1.808163
9.524847
17.969048
2.718794
11.644850
-4.365789
14.183887
33.934387
5.887113
11.241176
23.740323
37.610701
1.100000
3.866456
9.762284
18.128261
23.793676
13.565035
2.641026
22.283333
20.502091
1.483555
4.339968
22.919178
6.912319
23.727138
16.145620
10.871223
14.245277
7.081661
7.925926
47.585185
2.389241
31.650000
15.244444
9.403630
26.104152
4.443791
5.980328
6.291536
26.782051
17.661538
8.794816
2.753300
21.625094
91.657143
0.777273
31.402459
8.566724
20.572924
26.885065
10.354626
14.338034
8.194262
4.005405
9.442857
31.450000
12.263636
42.753047
25.473529
6.277778
28.661801
1.398305
-17.921630
3.477273
25.896392
14.958042
20.755670
10.994816
6.388679
22.596416
-18.049180
8.253521
11.544816
8.478947
20.207792
20.455611
16.746296
17.544093
9.932759
4.412460
20.730665
19.187179
10.558885
3.889933
10.802120
9.803300
-4.579825
28.977778
1.855263
20.250664
13.681034
21.382818
10.846575
13.370532
26.947436
8.540909
30.470478
10.032090
6.153754
5.623473
13.313605
2.889655
18.207692
-0.529966
15.224648
5.011538
18.243651
14.529310
16.174721
11.352076
29.868493
15.994444
3.482734
63.062295
14.894578
18.117224
17.585830
7.690909
4.111371
1.045137
3.584982
13.307865
12.936364
9.687948
18.733333
11.188047
2.125000
14.882394
5.007752
24.389474
22.849291
23.039057
39.219632
5.646825
18.752649
8.483333
13.444850
20.724648
25.744891
10.718531
22.535570
12.227027
11.712583
9.401145
17.600358
10.557143
15.544776
50.557692
36.988516
12.690541
30.189535
16.317110
0.318519
20.994982
5.620175
4.811404
21.174648
7.788907
8.903300
13.628261
5.961032
8.667033
10.778470
14.110753
6.389968
27.473913
15.716327
43.912587
15.168354
3.261246
10.728470
22.859712
23.996167
12.810332
6.882530
12.361905
8.717033
8.303300
2.814286
4.804983
51.969331
31.347458
45.128070
13.563636
19.849291
3.953722
27.567241
14.078261
28.132390
14.512162
12.506250
4.950332
13.370480
27.250669
8.411765
23.006835
23.135570
5.764894
18.258042
13.862270
41.636913
51.752482
5.041509
25.494056
8.658475
12.994444
6.324684
7.670779
-11.999689
18.319048
27.342857
15.033660
29.495455
43.605556
1.956410
20.770690
2.736027
13.762080
9.627273
3.297810
40.600813
10.313636
29.850669
66.161111
42.865079
13.507865
16.264706
1.656854
27.745324
17.195205
26.992308
27.899442
32.280070
9.618354
14.571233
24.594521
11.223529
24.620548
8.476978
2.305072
34.035324
30.647764
20.550000
-1.008131
30.363907
13.560127
14.546575
28.405670
17.494444
8.029630
-11.571053
6.333333
10.603994
17.183887
10.248305
34.806250
4.585987
4.204833
31.377273
21.593049
6.683333
46.884277
37.557143
23.624138
36.774324
14.378261
15.711538
9.135799
27.023529
51.028076
18.669863
22.130392
3.495751
10.653300
1.857843
11.069014
15.702076
3.178073
38.779412
9.005631
7.718444
12.507851
19.677586
33.708682
27.200943
4.240332
8.527273
29.570664
36.012500
16.525000
16.935714
23.455281
1.679508
19.869965
34.961111
18.558042
5.096154
1.635209
4.909524
15.255072
0.098624
24.319355
13.861628
4.659524
13.263636
6.905263
27.903976
28.714184
11.378514
27.663907
13.356250
22.980443
23.309502
30.656835
28.259091
18.521062
8.354545
13.738658
4.039968
17.571795
7.623077
45.714184
7.747678
5.128814
26.077273
18.341516
9.883779
1.918519
6.605405
20.055281
24.116393
38.397682
18.855556
41.700000
9.138031
15.860993
14.817687
7.677778
7.835821
31.755696
28.629822
24.592907
29.479932
11.616327
38.287970
17.169048
19.572951
13.666561
24.701961
22.079211
16.411290
46.555172
10.108696
5.094237
41.535324
37.923529
18.638673
56.081818
12.343206
20.608765
25.697458
20.790406
24.590977
75.833942
-0.771530
14.232334
5.715094
0.407843
9.160332
34.294495
4.625524
-4.727409
15.887037
2.696825
23.328205
19.645277
26.505556
50.158014
15.405631
21.701625
5.773473
9.240909
22.895390
8.171429
14.913433
14.320635
29.750534
12.688235
3.526316
8.722591
11.925000
9.905405
3.705814
18.122491
12.158065
32.066142
25.180783
19.485604
37.352941
52.610976
41.524528
-17.146970
6.147260
-1.596067
13.433546
16.632051
51.540775
29.100000
39.105882
13.843040
3.376596
10.572054
8.660993
10.297297
3.118557
31.618868
7.315574
14.065385
13.191195
23.001026
36.520370
17.583447
13.800000
9.298882
6.378073
33.297070
8.492857
45.346078
2.822028
13.487189
12.615574
24.092652
22.013707
21.541516
25.874377
41.910701
1.619231
31.981818
21.007087
23.600000
8.722222
11.876978
26.117949
19.206740
23.694118
10.162162
5.197080
17.078788
21.245775
21.406044
1.952313
13.013605
-17.962617
11.342294
39.347368
5.487931
30.913436
3.942994
20.709091
11.117110
4.823473
13.051282
9.647239
6.734982
27.370561
2.376214
19.574919
0.386593
24.863441
7.555853
13.785659
4.357233
48.562205
6.300311
39.914634
15.758042
8.089968
65.650405
6.596296
4.243791
13.461039
12.164894
17.067797
23.013907
14.238889
11.235821
19.810039
25.760811
18.167647
24.801408
10.916724
23.091558
38.371378
1.872222
25.318493
3.859105
13.268531
-1.058642
22.908824
20.483333
21.887500
14.655631
24.641971
22.328571
20.504626
9.569751
12.096575
15.682090
19.444539
27.070671
10.678470
32.657028
22.551852
3.672222
20.198649
19.568345
23.515058
14.545907
17.204040
14.332759
6.805405
28.838673
32.043151
20.065447
19.307087
7.358042
20.897764
2.602310
58.012088
8.900687
21.678947
14.694262
32.625084
6.411765
2.833333
18.634733
34.767568
33.512274
34.654947
0.921513
-1.193548
23.238889
10.270758
1.204341
3.152632
5.516456
3.578808
4.025000
10.846715
9.727835
0.418018
7.018794
5.566023
10.153383
22.245205
11.232759
23.024701
16.611191
-16.463043
20.480443
27.763566
27.813768
34.186411
5.977966
20.522414
8.400746
29.550000
8.593750
42.157895
8.337931
6.788907
14.537113
16.742662
35.516667
16.830037
0.591379
44.588516
10.512547
27.017568
7.343791
36.665658
13.413433
42.875000
20.007692
13.550746
9.050311
26.545455
61.009316
10.983333
1.239130
13.546350
3.748649
29.444056
0.904908
6.907233
54.661074
8.979739
27.508940
23.258389
27.620149
20.228261
13.206250
11.734586
31.027044
-18.095062
21.791558
19.837102
7.341409
33.442096
37.566667
12.744816
37.905556
4.961032
8.853300
1.550000
34.966667
4.967228
4.080519
26.116901
22.071264
16.016561
17.054620
18.545098
11.533333
17.037147
13.496575
18.050000
37.307261
-2.108023
36.001685
14.956250
35.398221
8.258065
6.265686
11.156187
28.050669
27.805556
7.363694
-7.153614
20.214516
10.794850
14.262460
2.409524
52.548322
43.461238
11.456410
17.839369
27.600943
4.861371
34.105205
27.859073
0.536207
7.350332
19.462782
38.215658
8.519014
14.334211
6.427966
-1.173112
22.111628
11.722591
15.774721
6.584615
18.089298
5.802970
12.553630
44.901606
5.141509
20.293154
10.668675
-11.153175
17.583607
30.198294
20.036364
6.572695
12.629630
4.328370
18.153191
34.977211
21.523529
8.464261
12.855205
56.522222
3.022603
32.195283
5.572047
-2.112195
8.387719
-2.837879
21.091558
7.085294
14.845238
27.413907
15.015686
8.954890
8.996154
11.301342
26.596392
10.868531
10.154029
22.247764
45.435915
5.196825
1.721513
0.776596
4.080645
12.579739
22.499291
7.934483
11.622591
7.392907
16.782051
19.558042
29.671014
10.533333
18.945205
11.549035
30.439474
11.955072
9.070175
18.932540
12.255405
6.540909
2.185897
20.982699
12.022156
10.254890
9.790541
11.285246
14.223841
8.740541
9.544262
3.540332
11.784483
21.853521
3.458065
31.909322
12.958042
44.969906
4.217802
30.206780
11.751083
4.639933
38.068085
-5.607143
28.182432
0.523288
0.887082
20.107143
14.625000
-6.527778
5.229412
44.758581
13.611268
10.923841
83.547541
16.649291
33.486081
30.238783
39.876923
-18.097690
12.003030
37.504702
56.721747
6.780258
6.769751
9.019014
-2.111494
-9.450000
8.370175
11.650315
13.282090
8.405263
17.858059
19.025862
21.068601
32.566667
8.262420
9.920532
6.865961
1.293594
4.690785
-0.431481
20.597458
15.238136
1.958163
24.572807
9.670635
25.880132
12.322222
3.865385
2.337931
2.278808
2.652632
6.100000
26.540067
10.622222
32.058940
1.169329
22.499291
27.822064
7.750000
12.879693
16.359877
13.532090
18.695890
26.527358
10.752076
8.600000
3.650820
17.011039
37.583657
32.759804
44.505556
8.951282
28.429775
42.313768
19.620548
11.727273
15.846350
12.990476
11.403030
21.726332
21.767224
-0.106140
63.628947
2.234228
25.842829
13.930488
15.242096
12.915686
8.707249
44.926316
16.696358
41.925503
4.965789
33.600000
14.565574
7.130258
9.055405
-17.960123
9.144720
11.045277
4.188506
13.128470
23.598052
31.604545
18.057143
23.895872
2.172222
20.609966
7.890066
43.366667
2.405814
2.827778
9.300000
22.756146
6.162460
17.828261
2.466890
13.028405
22.801527
22.994526
13.986885
8.266327
11.668345
19.880783
9.697080
8.236207
-0.705422
46.236364
20.243248
13.125862
12.910332
0.186842
15.330503
0.535612
7.976978
15.231579
6.369403
31.391503
16.011706
0.988983
12.507851
15.937037
1.086842
18.666667
6.797445
16.429310
23.446580
19.928261
19.145390
51.141606
22.875000
33.838462
30.250554
4.337931
4.425817
8.119775
11.444109
20.756740
2.580769
10.628947
4.458434
13.759091
11.203300
26.444539
8.979739
16.039369
14.296350
12.157627
14.690909
0.780519
5.711032
13.934146
17.559477
4.925524
6.541026
9.712547
21.145255
49.658824
40.693662
12.216724
35.408081
34.384615
20.400687
39.047411
17.318601
10.473540
10.208475
20.797297
1.708280
28.590067
9.911765
15.111268
2.701303
35.716129
7.786207
19.644262
55.184848
13.600000
4.331783
4.905623
41.165753
56.050923
5.035507
24.522355
32.223529
22.500000
4.471453
9.239777
0.420588
8.673290
25.650000
11.258696
26.292058
10.434351
21.138889
6.897445
37.883333
4.278022
5.435294
33.516949
16.085246
2.589130
16.702875
5.469024
50.026573
12.640406
5.621453
20.027376
13.818456
-0.382890
3.928073
1.776592
21.420588
4.628814
13.654054
17.705263
30.947059
21.931579
27.000621
14.987189
10.047059
50.148387
7.800000
18.450000
30.000664
0.044720
4.051303
27.509205
10.973835
33.343750
23.706061
11.176978
28.316901
24.982818
21.779310
20.035570
3.529412
17.695390
17.532699
5.033333
38.516667
11.432090
4.283333
8.350000
2.650820
31.384588
11.543206
5.478073
1.678808
8.055405
0.606803
19.363907
30.434457
10.108696
12.883784
30.492063
14.455414
24.644161
1.639606
49.102471
21.118601
39.172222
10.733333
11.250000
27.954054
28.466667
28.681579
9.027835
9.962460
19.622581
11.873835
2.004938
15.689298
8.317557
2.909524
20.836396
23.551049
9.362547
13.084211
-12.147030
6.355556
48.694595
5.342705
12.741195
48.236691
9.332530
3.059524
18.218612
9.400000
36.159073
2.802632
3.489130
14.934586
10.490141
12.787037
21.867797
9.268531
9.023835
15.101083
14.757249
9.635821
18.361538
21.872180
7.660180
2.275817
33.666129
15.856940
8.373290
-5.831356
11.760993
9.432759
11.261491
11.847134
7.438136
27.671062
11.158696
17.111706
23.129268
5.540541
1.682353
6.467557
56.033574
17.679866
22.201299
0.226596
14.797248
26.754240
12.430783
23.400000
5.311032
55.211111
18.303521
0.445522
44.622222
4.178814
22.817687
11.321918
3.940141
4.339933
9.155901
20.999291
-2.330597
28.276271
27.853957
11.917264
3.193776
17.405631
22.644056
24.399291
8.350669
28.049129
13.467532
9.933779
3.327011
14.183721
9.308475
1.907233
27.820370
3.577816
-12.669134
22.016077
15.414286
56.040824
4.866456
14.878571
18.265468
3.772118
8.361905
41.660653
2.240785
29.983447
12.738235
29.437809
22.333447
11.522591
11.300000
11.203300
50.432653
-4.798297
9.786885
21.909665
9.218211
0.572409
13.988136
4.493791
8.311765
7.435689
1.164286
13.368345
12.409816
22.442096
19.271042
31.867391
14.731408
12.734586
-1.509480
35.056601
16.725157
1.328470
46.953953
1.316109
13.622803
-20.527076
4.155376
22.495872
27.420408
4.019014
20.019048
-25.442953
6.615468
4.715094
7.932628
7.282258
13.769775
10.304545
9.105263
2.442994
1.285897
43.956869
6.855405
26.401527
6.474564
38.516129
4.716667
17.382394
18.944262
18.187719
13.161268
19.631034
5.254545
18.288136
16.282996
14.874924
25.981579
1.975817
33.377451
10.772028
0.992994
11.091869
-18.064430
20.845205
16.693939
34.608209
1.483333
5.269751
3.104755
36.465658
55.552899
3.150000
10.241869
8.750980
11.196167
27.269965
24.116667
37.028571
-5.567241
18.467939
-18.043590
34.486411
40.326866
11.234351
14.426523
35.247026
27.307071
34.352685
22.954152
-5.387838
3.968182
8.218794
3.720758
14.014966
18.035968
42.198387
16.858835
2.384228
26.634066
11.058696
38.313793
12.158475
2.470270
4.085897
27.174708
1.165942
7.973835
2.647945
101.261765
4.422222
26.522064
1.862428
4.291026
17.637736
23.028405
30.824567
8.423077
-2.972222
20.967442
11.796073
36.316667
11.159677
1.306728
16.316327
8.320758
7.339024
18.663158
8.758065
14.983784
8.017913
18.934221
5.450000
40.309325
16.350000
19.238462
6.947080
2.106728
14.813636
5.305263
24.633449
20.062284
3.778814
18.256271
12.011191
12.594539
16.878261
27.796416
4.589067
17.690741
27.890559
12.532258
13.415686
40.828571
47.256357
17.372054
-17.960123
13.657249
3.602313
13.629693
2.789655
56.095935
14.714966
29.040977
32.641815
8.484132
18.553191
37.580070
4.864966
3.947810
13.103300
4.632258
1.567476
23.050000
15.147059
13.453960
56.088112
42.291270
30.201408
8.970779
12.256044
8.902970
28.027104
13.905072
30.490580
20.401556
20.147552
-19.943854
44.127132
5.278571
14.364966
10.498706
23.180303
29.559712
18.290323
8.123077
17.886777
5.879693
14.540351
30.007895
25.078571
2.412121
15.270168
0.949153
72.088502
51.312088
30.725564
-14.919497
16.568601
11.972222
20.721300
16.861847
17.845055
2.751413
5.374564
4.477273
52.765574
8.760526
4.919024
1.974026
11.546063
26.978981
9.137354
18.332394
6.979508
5.786207
19.928395
71.325862
11.300334
-17.955422
10.101342
48.821012
22.407792
15.668345
20.350000
36.881970
10.735507
47.319424
22.190559
22.320548
8.819014
13.253630
5.359524
27.750554
12.907249
18.655631
33.015385
56.092334
19.244444
1.872131
20.366667
10.630619
32.357261
34.837063
14.587097
43.339683
7.115970
18.517647
28.865257
58.179630
37.017123
10.888679
25.970408
7.469923
13.414966
23.309712
10.885987
8.481661
21.702827
12.746154
4.987500
34.911455
27.546392
37.756522
42.803406
20.890406
3.800000
21.179866
12.965035
27.011129
13.573129
14.539369
7.390541
8.927835
18.745324
4.462319
5.741167
34.465517
5.559105
4.761371
16.064706
26.748328
11.033813
56.009091
15.396350
4.082734
11.878514
2.829021
19.091176
17.110127
13.085714
19.719863
15.110993
43.634387
15.817797
12.492857
-18.098658
52.883333
28.244444
13.618612
13.813445
9.345638
28.868354
18.991275
5.609524
8.874564
8.758065
31.526573
9.273290
12.745021
6.154983
6.220758
26.511628
2.376596
3.989655
11.453191
8.658885
4.168557
12.066667
25.306187
40.335852
16.717110
15.443836
5.283333
7.215789
-0.722830
23.832046
27.026332
15.472814
21.953521
13.174847
14.438658
20.798502
-0.688754
29.417241
14.074721
-18.025974
3.603722
14.039777
36.861049
20.463322
-9.910976
26.272464
-18.001294
32.839502
14.869775
0.548036
6.490066
37.270412
7.964261
33.217178
5.626923
1.502020
28.569965
7.914261
0.131159
5.761371
12.872222
20.578261
17.594444
10.072028
3.872222
-1.641803
14.215035
2.596825
34.371264
40.498814
11.100315
70.669424
51.202672
3.360650
21.231034
7.297445
10.003300
12.193206
22.104620
39.163636
27.719355
7.933333
-18.006015
-17.417442
29.911733
14.632090
12.681034
20.263345
5.441167
26.219863
9.560332
16.271223
-14.991935
-3.427305
13.154545
56.020285
11.941869
8.464706
15.085604
7.541167
4.190785
3.755263
20.604620
21.063441
3.352313
21.572355
14.328571
11.044850
12.316724
14.746392
31.765480
27.301299
15.414261
6.028073
44.595522
13.914261
11.318321
5.292424
23.825000
5.156452
16.584211
7.195638
10.623123
26.261290
15.800000
3.834061
28.255670
6.895638
19.478972
9.784483
15.500369
44.356250
14.418919
51.035374
10.157143
1.615942
11.142042
17.351908
-8.627509
23.654950
16.014706
41.050314
-18.025436
30.904984
0.698624
12.045907
2.566890
9.069751
13.094578
23.451079
6.008885
41.300000
16.894444
29.381102
18.685714
28.032716
40.739223
-7.682198
8.435507
11.825000
11.994737
19.155631
36.584066
-2.814103
12.669751
11.253383
2.828808
0.883555
16.657092
21.061290
-4.681655
12.236885
20.232394
33.239474
22.231408
3.790244
16.830037
30.045324
2.928571
3.682019
34.241935
13.799415
30.722064
9.120175
33.494161
14.190141
10.425000
3.003030
5.039933
6.812319
6.608632
24.719048
18.156410
9.847134
17.785099
20.563345
14.902827
2.800000
5.320295
19.260526
7.002640
22.801634
9.304341
12.364894
35.773064
15.000643
7.150334
0.767557
11.449035
4.610411
2.800000
48.051286
1.987931
10.774026
12.963433
19.816327
46.063636
14.481884
14.501639
46.878352
10.146154
14.937719
8.352640
17.683178
8.721429
32.272414
16.490637
15.766667
16.496073
5.460884
32.005118
7.726214
37.422355
2.789394
27.567770
7.554833
12.658065
16.404950
24.083019
8.309105
30.145055
22.036364
