-0.192623
-0.283626
-0.484777
-0.713611
-0.829852
-1.002302
-0.998945
-0.949937
-1.077740
-1.035411
-1.303926
-1.420146
-1.481167
-1.569126
-1.664597
-1.652542
-1.731074
-1.791830
-1.809951
-1.971932
-1.903420
-2.048376
-2.081980
-2.205916
-2.348685
-2.248744
-2.280467
-2.063028
-2.072736
-1.970787
-2.174198
-2.215694
-2.318520
-2.358835
-2.484923
-2.567649
-2.474855
-2.447823
-2.439544
-2.659977
-2.909147
-2.841352
-2.709558
-2.725120
-2.813496
-2.979997
-2.917266
-3.034942
-3.136452
-3.205196
-3.182333
-3.161040
-3.148500
-3.281812
-3.401205
-3.500696
-3.402651
-3.564656
-3.479181
-3.351046
-3.376218
-3.270835
-3.336488
-3.186195
-3.129018
-3.222305
-3.274608
-3.375124
-3.500508
-3.543464
-3.668183
-3.642105
-3.657486
-3.744912
-3.646712
-3.863745
-3.838289
-3.886194
-4.180277
-4.052563
-3.975581
-3.845597
-3.713400
-3.718155
-3.736806
-3.688153
-3.687540
-3.688807
-3.781941
-3.716896
-3.766622
-3.833303
-3.753430
-3.823572
-3.891549
-3.845634
-3.755625
-3.792261
-3.856325
-3.814323
-3.793865
-3.785457
-3.766637
-3.694017
-3.505767
-3.536647
-3.550112
-3.465963
-3.509142
-3.453901
-3.404119
-3.457983
-3.608697
-3.655698
-3.614518
-3.565488
-3.393888
-3.307327
-3.212309
-3.038356
-2.916419
-2.922161
-2.950790
-2.960757
-3.013508
-2.957304
-3.120731
-3.035830
-2.939152
-2.748586
-2.578206
-2.422391
-2.291712
-2.042937
-2.114396
-1.941173
-1.775391
-1.826177
-1.818520
-1.853412
-1.712197
-1.605511
-1.700250
-1.546927
-1.560843
-1.487611
-1.376004
-1.426493
-1.269400
-1.311032
-1.229866
-1.236293
-1.194529
-1.143719
-0.961849
-1.001712
-0.831283
-0.745804
-0.506218
-0.628820
-0.673479
-0.648737
-0.694818
-0.542087
-0.339401
-0.307415
0.034873
0.030658
0.022291
0.069901
0.101468
0.240014
0.358992
0.414262
0.481747
0.522216
0.529643
0.703605
0.669253
0.627350
0.817265
0.820358
0.882579
0.861920
0.856753
0.752852
0.934082
0.997097
1.286539
1.275213
1.349914
1.407721
1.474850
1.485664
1.549172
1.624479
1.531647
1.667994
1.620366
1.675283
1.708143
1.793012
1.804354
1.888702
1.956657
1.977221
1.952015
1.919898
1.836956
2.043220
2.251460
2.230858
2.208735
2.377025
2.556959
2.668456
2.676002
2.755964
2.757859
2.784323
2.753552
2.725809
2.794436
2.810607
2.825742
3.029844
3.055774
3.053641
3.061244
2.943171
3.043218
3.012585
3.097814
3.265081
3.211686
3.225160
3.345694
3.482934
3.470825
3.501594
3.617113
3.586491
3.631592
3.649780
3.726488
3.924385
4.078782
4.113886
4.112400
4.207577
4.335455
4.474242
4.506482
4.590270
4.728731
4.635915
4.686740
4.774118
4.922085
4.877864
4.880826
5.119956
5.046833
5.007215
5.050293
5.080405
5.141172
5.224877
5.322971
5.366939
5.424641
5.932816
6.204488
6.190648
6.203605
6.269084
6.350289
6.334852
6.383711
6.458930
6.530647
6.503807
6.624664
6.776605
6.655095
6.805682
6.880490
7.069805
7.078448
7.066893
7.025009
7.050326
7.161169
7.120712
7.231152
7.302535
7.359925
7.353758
7.378571
7.386505
7.457078
7.534697
7.556717
7.733402
7.703399
7.687872
7.582554
7.598125
7.690673
7.648490
7.591406
7.662170
7.738884
7.789989
7.969926
8.070616
8.127576
8.192441
8.104546
8.086413
8.141192
8.190505
8.167600
8.159062
8.256806
8.216154
8.234369
8.262456
8.416669
8.510157
8.459879
8.480258
8.467603
8.458213
8.437964
8.485021
8.465490
8.456027
8.569847
8.591169
8.553369
8.630717
8.782821
8.869925
8.984063
9.067974
9.121622
9.389218
9.456803
9.500571
9.505961
9.552265
9.614384
9.684984
9.715679
9.830689
9.797223
9.911203
9.950670
10.254805
10.325995
10.314554
10.336290
10.280792
10.493726
10.564153
10.519080
10.585331
10.763260
10.774012
10.794778
10.686830
10.679082
10.782561
10.758277
10.881332
10.989742
11.131714
11.242298
11.294124
11.333657
11.364763
11.307757
11.255649
11.390759
11.601526
11.618906
11.707353
11.741828
11.849244
12.008815
12.062402
12.124295
12.312114
12.318717
12.235328
12.287695
12.302541
12.297992
12.340850
12.401795
12.342932
12.467678
12.561445
12.600245
12.551909
12.566524
12.839032
12.961877
13.135002
13.185043
13.225566
13.290231
13.413162
13.507960
13.464110
13.541090
13.575597
13.642261
13.642594
13.653575
13.883111
14.268249
14.360158
14.445434
14.432618
14.566004
14.799310
14.825817
14.834478
14.782352
14.944901
14.798332
14.777899
14.776512
14.748884
14.779719
14.912514
14.921291
14.996578
14.967887
15.061279
15.074698
15.046982
15.059393
15.074166
15.112296
15.097924
15.069495
15.139169
15.190050
15.407699
15.308769
15.346766
15.410631
15.451114
15.438247
15.404597
15.397957
15.229708
15.212561
15.206608
15.331880
15.353099
15.322462
15.390509
15.421128
15.375673
15.439605
15.636179
15.828713
15.845440
15.848699
15.885381
15.968169
16.010987
16.114097
16.178718
16.156040
16.104746
16.078179
16.113294
16.634871
16.686189
16.722378
16.708106
16.761024
16.721859
16.856858
16.889161
16.910117
16.912627
17.418069
17.383245
17.468359
17.520189
17.489846
17.583353
17.486502
17.575096
17.500806
17.590464
17.387835
17.469591
17.445072
17.465465
17.455543
17.518157
17.566140
17.653177
17.719961
17.680003
17.727961
17.750127
17.719151
17.698352
17.806410
17.795892
17.851489
17.817925
17.825818
17.811686
17.824445
17.723342
17.739533
17.783396
17.929118
17.899143
17.923578
17.965656
17.862765
17.887836
17.864377
17.887199
17.910466
17.900912
17.905187
17.879301
17.984449
17.988744
17.994227
18.062556
18.163598
18.225169
18.146767
18.144556
18.061119
17.991922
18.039009
18.129320
18.285543
18.494020
18.420346
18.558019
18.664817
18.649477
18.717048
18.697211
18.728112
19.092795
19.086975
19.094596
19.034807
19.003792
18.982224
19.054714
19.054218
19.023825
19.291507
19.399097
19.459965
19.453420
19.521362
19.517371
19.938135
19.856341
20.201221
20.174191
20.312086
20.343966
20.328190
20.345278
20.366597
20.328662
20.216853
20.310395
20.363085
20.324395
20.491656
20.453406
20.524389
20.739238
20.794301
20.796392
20.850938
20.976109
21.090369
20.978983
21.055005
21.038794
21.079437
21.365612
21.332791
21.308246
21.260542
21.230868
21.356320
21.416187
21.346846
21.371403
21.374758
21.373985
21.306912
21.475361
21.653810
21.703863
21.627436
21.562719
21.527975
21.598970
21.621119
21.668800
21.681382
21.699425
21.711472
21.647143
21.763891
21.899093
21.784070
21.823881
21.794682
21.847277
21.835375
21.869826
21.750860
21.940582
21.867390
21.982617
21.955827
21.975967
21.930371
21.936172
21.862600
21.783856
21.846031
21.708095
21.845323
21.952503
21.892311
21.862768
21.903815
21.986972
21.793458
21.880316
22.099916
21.987301
22.063313
22.028009
21.983775
21.954479
22.063328
22.136084
22.351643
22.426698
22.475369
22.553052
22.714829
22.747797
22.623357
22.580680
22.510342
22.410906
22.238430
22.245985
22.234201
22.096330
22.126239
22.093792
22.132246
22.199317
22.320774
22.490247
22.444371
22.476898
22.442748
22.911414
22.940814
22.989844
23.199563
23.219729
23.312750
23.259493
23.230911
23.427936
23.695156
23.794317
23.968908
23.877397
23.949644
23.913078
23.844154
23.866443
23.954976
23.991631
24.060972
24.064786
24.144558
24.151728
24.145648
24.150310
24.162883
24.138872
24.141426
24.154742
24.205139
24.115107
24.179985
24.288727
24.299506
24.182718
24.228661
24.173963
24.206295
24.094262
24.083357
24.073759
24.066165
24.169181
24.164853
24.167412
24.168539
24.083544
24.005247
24.178963
24.451557
24.291690
24.247444
24.261055
24.252041
24.284967
24.321914
24.274443
24.221051
24.178963
24.206473
24.288357
24.165050
24.110724
24.168436
24.240863
24.387394
24.442292
24.392450
24.295313
24.434160
24.309973
24.213317
24.173694
24.125628
24.088532
24.025619
24.146275
24.156002
24.117965
24.055695
24.148492
24.111654
24.118910
24.122624
24.132120
24.184849
24.197485
24.437158
24.526839
24.820945
24.835627
24.845920
24.727354
24.660308
24.710460
24.721396
24.720350
24.979397
25.065361
25.040648
25.169987
25.280977
25.389500
25.365064
25.388336
25.408830
25.508663
25.383730
25.714280
25.744327
25.727222
25.639851
25.552453
25.511939
25.449910
25.385463
25.546950
25.573814
25.974165
26.152405
26.099592
26.045206
26.006513
26.020987
25.894402
25.819512
26.005102
26.202568
26.270655
26.156901
26.270485
26.221077
26.266566
26.216736
26.130155
26.079600
26.046850
25.923882
25.926310
26.334509
26.280482
26.283344
26.250070
26.419878
26.447380
26.398319
26.430448
26.850724
26.986194
27.223425
27.181920
27.239628
27.254065
27.234265
27.123065
27.312464
27.437080
27.355096
27.581446
27.546202
27.490350
27.398027
27.487803
27.540139
27.418294
27.312683
27.437776
27.318259
27.362491
27.267405
27.345908
27.237592
27.254532
27.238685
27.297640
27.297622
27.212699
27.861959
27.869240
28.237381
28.205331
28.298817
28.605664
28.635307
28.549111
28.553959
28.485545
28.445845
28.669581
28.709456
28.605523
28.473379
28.665504
28.465012
28.551339
28.506481
28.433325
28.476613
28.567358
28.400083
28.440477
28.296646
28.343272
28.290748
28.195106
28.344626
28.711488
28.726709
29.159855
29.140046
29.176819
28.982042
28.985420
28.868653
28.915729
28.933575
28.875876
28.892284
28.961049
28.930245
28.812338
28.752254
28.871105
28.800324
28.796145
28.723570
28.670024
28.564411
28.723086
28.711156
28.910639
29.038043
28.968240
28.944600
29.027426
29.363786
29.596219
29.504083
29.707954
29.591456
29.577243
29.572598
29.657463
29.868991
29.722845
29.861941
29.977444
29.983986
30.024701
30.011551
29.972743
29.876476
29.772395
29.808355
29.890510
29.999619
30.323899
30.252660
30.116608
30.321346
30.320997
30.235928
30.517212
30.435493
30.860734
30.847078
30.964471
30.950215
31.054938
31.369565
31.614269
31.611911
31.624156
31.623984
31.802945
31.825678
31.785293
31.761631
31.732046
31.662771
31.971567
31.894311
31.760459
31.688105
31.710325
31.678734
31.486838
31.313869
31.632822
31.500954
31.482065
31.402892
31.243866
31.212401
31.342777
31.591472
32.228451
32.506949
32.626277
32.669669
32.648836
32.608299
33.085506
33.149546
33.117246
33.091023
33.091575
32.903425
32.747091
32.783711
32.931874
32.970529
32.802952
32.901526
33.084804
33.072930
32.998665
33.257634
33.744502
33.926663
34.323154
34.165049
34.120274
34.164325
34.378744
34.447569
34.334577
34.220001
34.327782
34.408643
34.223574
34.258716
34.534328
34.354093
34.363372
34.499984
34.399833
34.462593
34.425890
34.367990
34.395988
34.576453
34.404035
34.531388
34.339156
34.338904
34.336426
34.168075
34.037613
34.336650
34.208522
34.656703
35.160736
35.209836
35.011958
34.792927
34.765845
34.610721
34.678408
34.526481
34.456191
34.368057
34.196069
34.117932
34.102667
33.995942
33.820592
34.063508
34.046945
34.305513
34.166865
34.069315
34.159227
34.313186
34.425421
34.223430
34.011595
33.855902
33.937370
33.889320
33.951130
34.021329
33.961707
33.813093
33.737721
33.793857
33.611983
33.663586
33.880607
33.871612
33.933103
34.010444
34.100460
33.933146
33.853945
33.930683
33.886944
33.903741
33.941032
33.857402
33.825203
33.732861
33.810352
33.815085
34.272899
34.495890
34.601331
34.518459
34.370732
34.307488
34.268013
34.349792
34.234165
34.203400
34.283083
34.300313
34.819878
34.778379
35.134477
35.042366
34.981163
34.887112
34.749564
34.812083
34.752912
34.929716
34.871091
34.739737
34.784367
34.627943
34.411593
34.176175
34.217617
34.028539
33.950845
33.777880
33.658870
33.897877
33.907696
33.854376
33.733653
33.721213
33.719242
33.646629
34.084720
33.950837
33.803399
33.705204
34.178465
34.064086
34.663201
34.650137
35.139138
35.070759
34.909740
34.903112
34.887951
35.327079
35.332902
35.189417
35.756523
35.665223
35.525719
35.537944
35.509049
35.557998
35.964092
35.767608
36.034072
35.835641
35.726669
35.833125
35.887461
35.693586
35.880063
35.853374
35.861396
36.207105
36.951905
36.863502
37.396716
37.215320
37.041899
37.144494
37.132839
37.264851
37.153938
37.353779
37.450354
37.312530
37.281082
37.381755
37.516231
37.357085
37.168462
37.186097
37.053073
36.905576
36.731389
36.800318
36.562293
36.547318
36.584156
36.379214
36.287957
36.281807
36.311912
36.061908
35.973704
35.855305
35.716692
35.768732
35.541258
35.411394
35.755717
35.580969
35.536152
35.340349
35.502390
35.452979
35.647540
35.552936
35.516723
35.498570
35.480707
35.283914
35.111775
34.893993
34.977125
35.230100
35.181928
35.081204
34.986153
34.886090
34.705137
34.794050
34.704504
34.878512
34.754085
34.771940
35.027077
34.969362
35.209761
35.020008
35.132879
35.017407
34.851593
35.283628
35.181014
35.078042
35.281627
35.161432
35.405848
35.610401
35.482183
35.509777
35.487103
35.494288
35.330292
35.343196
35.768029
36.267457
36.682398
36.454910
36.276878
36.280524
36.181853
36.023065
35.911880
35.739673
35.926092
36.425963
36.253650
36.129939
36.049553
35.932652
35.845375
35.683181
35.837697
35.788801
35.592028
35.802373
35.574643
35.579966
35.369577
35.366257
35.336023
35.374291
35.215531
35.340064
35.216335
35.257085
35.259707
35.146473
35.005664
34.934928
34.997368
34.905005
34.893782
35.594957
35.519180
35.360137
35.518347
35.727195
35.753077
35.626126
35.931825
35.791511
35.651139
35.478490
35.760705
35.590443
35.364065
35.272655
35.263898
35.123825
34.984019
34.934987
35.177013
35.263610
35.379047
35.529877
35.520899
35.390986
35.315775
35.122526
34.993401
35.172065
35.273482
35.272485
35.113642
35.266979
35.224500
35.292619
35.375881
35.404789
35.382200
35.239325
35.274266
35.040305
34.838525
34.651601
34.443571
34.270856
34.781430
34.757863
35.142355
35.480650
35.401510
35.310512
35.138049
35.140579
34.947764
35.140156
35.190669
35.029186
34.845946
34.776843
34.948260
34.850524
34.809239
34.621177
34.652116
34.841373
34.782648
34.795389
34.635975
34.584806
34.778010
34.700013
35.103205
34.930145
34.767347
34.600936
34.425897
34.337989
34.256996
34.443568
34.271246
34.151498
34.304724
34.358086
34.180794
33.995915
34.115528
33.989194
33.948376
34.053615
34.576835
34.684244
34.780622
34.694858
34.519212
34.597161
34.899768
35.423861
35.506303
35.424999
35.611667
35.630949
35.526936
35.479495
35.534473
35.337025
35.151673
35.028737
34.873007
35.161573
35.217760
35.191598
35.152851
34.981377
34.986563
35.227386
35.022670
34.901326
34.765519
35.098349
35.131185
35.106254
35.041998
35.655087
35.563756
35.566570
35.516904
35.392720
35.311766
35.358597
35.242678
35.164328
35.135719
35.142696
35.796900
36.175685
36.212540
36.344383
36.407832
37.814894
37.891420
37.961078
37.807826
38.098532
37.949504
37.767013
37.581010
37.554472
37.362135
37.369019
37.746297
37.606971
37.951750
37.858636
37.724498
37.803539
38.168099
38.436795
38.463350
38.302998
38.052180
38.311870
38.172361
38.264062
38.750816
38.840172
38.724245
38.596324
38.846757
38.623620
38.434021
38.246366
38.272187
38.374751
38.111308
38.089303
37.842479
38.235384
38.618445
38.561261
38.643304
38.507007
38.730437
38.697338
39.010806
38.930085
39.056348
38.896262
38.913270
38.689586
38.645144
38.907262
38.731467
38.746841
39.470164
39.282331
39.738886
39.886624
40.238396
40.065033
39.835653
40.316425
40.282780
40.155547
40.078867
39.984710
40.038457
39.814968
39.972878
39.969600
39.846703
39.673969
39.557681
39.504110
39.398717
39.370158
39.283436
39.349790
39.532795
39.616764
39.589774
39.395657
39.245673
38.999919
38.862747
38.935345
39.730545
39.606213
39.513197
39.294834
39.142957
39.164378
39.153674
39.231012
39.072666
39.037131
38.947690
39.367785
39.172535
39.300997
39.270251
39.055643
39.057565
38.855852
39.292932
39.126348
39.643127
39.542024
39.392443
39.265868
40.364953
40.316937
40.375168
40.168499
40.125055
39.954186
39.760314
39.770632
41.341139
41.169338
40.979698
40.902007
40.787999
40.977777
41.179074
40.933826
40.695848
40.789781
40.575154
40.416244
40.353398
40.528913
40.677707
40.679414
40.452980
40.325950
40.327210
40.390874
40.273129
41.024175
40.976882
40.820113
41.257624
41.244279
41.159554
41.026234
41.044307
41.125030
41.251848
41.200975
41.420163
41.578456
41.605491
43.131190
42.946441
42.741453
42.599498
42.615611
42.552370
42.312997
42.165194
42.307797
42.385173
42.267920
42.276472
42.045488
42.001649
41.950173
41.752350
41.736372
41.661240
41.776928
41.706349
41.846625
41.991982
42.443055
42.261317
42.114839
42.080641
41.885460
41.826384
41.837676
42.921650
43.273473
43.251333
43.227958
43.126624
42.946738
43.007285
42.798121
44.251723
44.287478
44.200303
44.330776
44.231305
43.999244
43.765625
43.867214
46.097156
46.083590
45.961235
46.088916
46.338159
46.249063
46.127737
45.857627
45.776106
46.414616
46.454742
46.179213
45.940044
45.706481
45.762911
46.235131
46.083030
45.987664
46.902959
46.699933
46.577706
46.981598
47.011721
47.045513
46.777828
46.730374
46.691600
46.547210
46.501738
46.506061
47.050769
46.951496
46.851939
46.910719
47.143512
47.849420
47.761376
47.643435
48.623579
48.877243
49.048887
48.870030
49.744133
49.494169
49.390622
50.707023
52.505617
52.169019
52.037573
52.074453
51.971565
52.053972
53.039501
52.922048
52.855968
52.827168
52.526773
52.504295
52.335616
52.222953
52.001749
52.397442
52.135633
51.854380
51.526985
51.455696
51.757708
51.809253
51.755338
52.269424
52.403132
52.361021
52.202234
52.552041
52.243622
52.030391
52.029512
51.972452
52.035068
51.893350
52.070544
52.029090
51.782135
51.875737
52.072856
52.054347
52.926980
53.004605
53.610226
53.699225
53.433625
53.652654
54.328980
54.523348
55.364278
55.200015
55.028687
54.758981
54.766203
54.762417
55.207728
54.823551
54.773070
55.453895
56.002074
56.578319
56.713928
56.591683
58.380278
59.543309
59.374876
58.910946
58.770279
59.745306
59.557421
59.293358
59.654779
59.555898
59.552148
60.250759
60.048989
59.664822
60.372140
59.972504
59.839053
59.857996
61.005416
60.777437
60.354973
60.361763
60.129866
60.040158
59.717220
61.435771
61.245643
61.417483
61.483817
61.315380
61.601600
61.485448
61.567506
61.409621
61.233499
61.030085
61.013109
60.692704
60.549470
60.590743
61.021153
60.753371
61.108565
61.142692
61.378168
61.170319
61.021055
61.483807
62.797896
62.967549
62.716198
62.428351
62.297965
62.219152
61.951909
61.826285
62.349287
62.597794
62.363372
62.812082
62.986413
62.801373
63.304057
65.033940
65.584087
65.391257
65.596052
65.288388
65.416504
65.952691
66.862929
66.688976
68.214656
68.394447
68.138070
68.342575
68.046379
67.905823
67.573599
67.375755
68.736297
68.559608
68.707012
68.516049
72.671528
72.360918
72.012120
72.289952
71.879533
73.415919
73.178810
72.963696
72.439488
72.754186
72.952371
72.496360
73.029113
72.849052
72.796714
72.662608
73.357380
73.444636
73.238781
73.736428
73.460103
73.225952
72.725444
74.029991
73.847515
74.190802
74.998149
74.551284
74.120771
74.534953
75.259347
75.140305
76.782197
77.653819
77.347035
76.867276
76.441227
77.118723
78.898612
78.436431
78.041093
78.390845
78.068801
78.310389
77.983644
79.067614
79.455424
80.671903
80.445102
82.415267
82.735276
84.278106
85.429686
85.118012
84.781098
84.576710
83.988947
83.651482
84.313201
85.852038
86.086586
85.681972
85.037408
85.719355
87.497541
87.033776
86.523242
86.059924
85.491424
85.132579
85.930470
86.162768
86.192569
86.375246
87.420252
86.982510
87.143089
89.220009
90.089566
90.675693
90.208658
90.003726
89.374995
96.708245
99.297315
98.956502
98.957937
98.571053
98.649955
98.496027
98.286518
102.305667
101.767624
101.638109
102.814905
102.146033
101.707715
103.594571
103.057937
102.394829
101.904358
103.509206
103.286665
103.558652
103.164167
102.519224
104.725100
104.106398
103.648659
104.302644
105.613809
105.064585
106.389022
110.249870
109.941582
110.220739
109.616535
110.740633
114.951907
114.216309
115.378530
114.740609
114.512282
114.431326
118.246862
120.707898
122.606914
121.974008
121.226639
120.586889
119.865545
119.163896
118.343573
117.788948
117.109278
117.000548
116.282913
116.692068
117.816798
118.174777
117.381120
116.691206
116.038432
117.295293
119.570885
119.847367
119.316684
122.644461
123.942949
126.910765
126.133324
125.150439
124.458942
126.805705
126.763506
129.709268
131.633251
134.414031
137.922684
138.205986
139.389540
139.229390
138.291394
138.036609
137.746708
136.756998
137.756359
137.580092
139.599793
139.312044
138.330453
137.517443
136.569880
136.520623
139.003917
138.145618
137.051296
136.374350
139.152074
138.269865
137.315535
136.920144
141.338018
140.346253
143.787640
143.540388
142.512102
141.533265
141.021058
143.815284
145.661200
144.766857
144.838329
143.758692
145.091282
144.115720
144.302155
143.444141
143.110804
143.879866
143.342435
142.307185
141.831709
140.962289
140.103350
139.272214
138.409812
144.193978
145.765568
147.301654
146.877851
145.970240
145.008449
143.987599
143.157593
145.114266
145.959651
145.945187
145.036735
144.526880
144.321686
143.407080
143.650297
143.345533
149.290807
154.019088
154.211113
154.975745
155.526756
154.680877
154.220476
154.505271
153.712218
153.083191
156.096963
157.139793
159.322676
160.026056
159.974065
158.947925
158.389082
158.868777
162.396762
161.858656
161.424471
164.216849
163.103206
162.005767
161.072720
159.960343
162.987887
162.554735
162.396975
161.396599
163.604776
162.483493
161.470658
163.618977
162.923977
163.343348
163.920225
163.554938
162.352348
161.196707
162.409988
164.407773
163.861265
164.705910
163.906191
165.958026
167.234938
166.109814
167.143532
166.061026
165.257780
164.104268
162.907509
162.462033
163.856999
164.730850
163.539982
163.053942
162.127326
161.416549
160.389433
160.343740
164.499048
163.447798
162.371005
162.861992
164.510786
165.550012
166.131977
165.413387
164.187279
163.140406
163.137432
167.558372
166.450641
165.582537
164.437983
163.167362
162.653842
164.834299
163.707970
162.623191
163.483054
162.840051
162.435814
165.260401
164.171975
163.115144
165.139280
164.881199
164.248367
167.665178
166.949129
167.663820
169.174783
168.030124
166.867201
166.346203
165.280377
165.546217
166.697088
170.872545
171.193569
170.264549
169.279376
168.193161
170.714996
172.819661
174.668716
178.159441
178.496191
179.133563
180.467715
179.827123
179.455676
178.821616
179.348306
178.574954
177.337681
176.102327
181.316351
181.639187
180.455377
187.760824
186.299922
185.265004
187.863711
188.394329
189.006719
188.031606
186.857482
186.324118
190.053863
191.584778
194.013474
194.760905
195.900887
197.907933
201.790291
201.176503
199.703349
205.126446
204.043658
203.155753
201.611461
200.717032
199.485216
200.638227
199.800102
203.344470
201.823797
200.452654
204.332875
202.571582
201.013009
199.617257
199.077296
197.545693
196.660745
199.757410
199.172886
197.668406
195.942550
196.171267
197.853089
197.090828
198.654920
199.216962
197.783800
198.512223
197.813087
197.087633
196.142924
195.461701
196.513272
195.345085
194.006503
193.602792
192.495368
191.792876
190.422812
193.285084
191.856790
191.933092
191.205556
191.558628
192.222883
190.854608
190.140607
188.818368
189.025389
187.726756
186.530239
185.812908
188.406688
195.748621
198.307989
197.880818
201.247418
200.581647
199.260164
198.096798
196.946007
195.408294
197.825780
196.598426
195.169570
197.176763
198.673660
200.464341
203.035369
203.343974
201.858809
200.736604
203.907144
205.416363
203.897793
204.000368
202.432364
204.299739
205.231464
203.638415
202.193209
201.557854
200.001998
198.624756
197.523315
196.079749
196.146862
197.551553
198.607647
197.698196
198.500593
197.198431
204.324446
203.236278
201.749915
200.799618
201.106050
202.405369
209.193315
207.775947
214.828188
215.331858
216.474585
219.329216
217.697102
217.501288
219.189082
219.557521
218.399816
218.754043
221.563080
222.622605
221.047438
219.391687
218.871972
218.352724
217.556800
219.933013
218.058277
218.380535
222.531684
229.441367
228.192953
229.946524
228.206344
226.504353
225.380646
223.670553
223.237792
222.277806
222.715464
221.012704
219.272836
220.398238
220.125401
221.694921
221.920895
221.875761
220.175670
222.024703
220.266077
221.450274
220.327233
221.425146
222.830958
224.449696
222.977236
221.871342
222.504901
222.641255
224.525479
225.124550
225.269100
223.587589
224.150713
222.906341
229.434277
228.359358
232.086219
230.285176
229.071562
232.213439
230.900089
230.970391
231.663540
231.867825
231.589526
230.784631
229.863236
231.831831
233.037267
231.735339
232.496986
230.641927
230.518499
229.048774
227.387599
226.965635
225.327452
228.396831
226.599813
224.725369
224.863645
224.473916
223.483080
222.316594
220.766761
219.840031
218.205354
221.100595
219.466926
218.196893
216.997436
215.563956
213.970180
217.726349
220.997033
219.288501
220.235620
221.855945
221.306385
222.250570
220.719773
225.945859
229.689023
228.496704
228.267990
226.606961
229.740609
228.543281
227.429330
225.872960
227.876073
226.498446
226.495044
225.508729
229.590678
231.581914
237.040393
235.276894
233.762153
232.003826
230.691577
228.929058
228.808018
227.701640
229.152787
231.324387
231.725982
232.380029
232.863186
233.405845
231.630316
230.424898
233.074913
231.235225
229.276078
229.451564
230.463403
228.788000
227.328330
225.700871
226.687215
228.544398
228.741599
232.967331
235.243956
234.051435
233.316319
234.964609
233.265635
231.634133
232.669628
230.807442
229.168182
229.174265
227.445522
225.803789
226.159010
228.381296
231.737911
230.078846
228.336358
227.075133
225.050251
223.381573
223.370648
222.594894
223.342839
222.058322
220.387662
219.959967
223.949942
222.391495
220.758691
222.673076
221.521550
221.786131
222.735799
223.702927
225.978343
226.862439
229.275251
236.223498
239.374068
241.684640
242.913080
242.755491
241.024003
241.784315
240.922139
241.764045
240.603041
238.666017
238.677865
236.706958
237.135821
235.378513
239.303653
239.450412
237.535157
237.898746
238.848253
245.621770
244.076324
246.657209
253.569637
251.554114
251.147988
252.201172
255.290727
253.879338
251.882557
251.519110
250.301296
250.415311
250.774683
251.541672
250.097977
248.360072
253.168730
253.012448
253.006559
252.075536
251.040784
251.367337
249.880413
256.597608
254.751043
255.632734
253.707638
252.956648
255.654160
255.791951
257.746594
264.537128
265.831779
270.998461
269.936946
272.796968
273.981273
276.001415
277.426874
275.367997
273.289823
280.053924
278.569015
276.263245
276.093937
274.498847
279.969088
278.546082
276.555722
281.788452
280.213054
277.880310
278.364864
276.290524
274.197020
279.356505
277.113815
274.957756
275.152292
273.345154
278.343387
276.097690
276.240737
274.049464
272.009025
270.693324
269.858688
267.684920
274.245071
273.873979
271.741433
269.531741
269.957835
270.501241
271.405369
269.130581
269.330321
267.231018
267.710329
265.890153
266.696576
273.393610
272.467556
271.076422
268.987329
266.873594
265.531483
263.834403
263.217769
270.021591
271.721174
272.725716
273.178055
271.938681
269.868397
268.066490
273.033825
271.024861
269.008771
267.993649
265.881108
267.600121
265.222547
263.800377
262.103904
263.001727
268.355182
266.268693
264.173250
262.892184
260.942355
261.988976
265.837399
264.494486
262.567750
263.241840
266.658785
264.565631
263.095493
261.039824
261.646031
261.386193
259.436491
258.066544
256.088095
254.403040
253.010238
254.412460
252.473591
251.741720
249.658420
247.933336
249.317469
247.849602
247.672613
247.217886
254.129708
254.724572
255.440216
258.206779
256.334277
254.781212
255.598752
253.674350
256.533357
258.768497
257.572205
256.433730
254.459829
254.185058
252.293080
250.365222
251.859668
250.366071
248.538153
249.984799
247.903451
247.607691
245.526026
243.733736
243.510524
243.888789
242.819646
242.160313
242.341967
243.677042
241.899883
241.801126
240.053368
238.269028
241.460078
239.626452
237.783473
240.722148
241.911894
242.594724
242.911813
242.996827
242.138048
241.816510
240.134376
242.005515
241.251037
239.656971
238.429563
237.246141
236.064048
241.955712
240.158654
238.329241
240.346564
241.062395
239.213233
242.736626
240.988345
241.557825
240.385512
239.201355
241.986445
241.802544
242.397058
240.838678
241.174001
239.462625
238.558431
236.841662
235.633251
234.958656
233.890709
233.091038
231.471234
229.648436
227.990841
228.806056
229.873731
232.006844
230.315458
236.009251
236.979583
235.876696
240.489988
239.287644
239.411238
237.547720
238.408098
238.361735
236.744715
235.683116
235.753313
234.820392
233.236705
231.391141
229.774372
227.966448
227.627394
225.883282
224.205403
225.176519
223.516892
222.512962
221.834947
222.699700
220.878213
219.568388
217.836371
216.156692
214.333055
214.833620
216.607428
215.112459
219.984938
219.461115
222.219413
220.467194
219.524615
218.218034
216.552314
217.886547
218.528354
216.973773
215.443629
216.014455
215.145731
218.941687
217.438341
218.970402
218.615461
221.663942
219.994958
220.178104
221.482510
221.827277
224.954185
224.158693
222.245678
223.894518
224.566217
222.630086
221.839786
222.359888
223.125122
221.536185
223.231292
222.942922
223.077288
226.026072
227.368592
228.317190
227.104793
230.305284
230.680568
232.863637
233.404321
231.721947
238.803727
237.042108
235.912772
235.768736
241.464049
240.253092
242.105154
242.464625
240.544874
239.666187
242.294973
240.667785
242.534440
241.207522
241.264227
241.874513
242.987643
244.100756
242.137033
243.053052
243.373454
243.966175
242.529584
240.631701
238.814860
237.091323
238.865102
237.322416
236.297821
239.614685
238.459824
238.830219
239.202973
237.385645
235.968897
236.655690
234.932052
236.009731
234.176228
234.159700
232.742506
230.917766
229.770814
233.050715
231.313375
229.641913
228.081585
227.166704
225.774861
227.518501
225.795444
224.589898
225.245028
223.723235
223.523094
224.742951
224.004283
231.397240
229.842403
228.281433
228.560754
227.639672
230.056088
232.899463
231.093200
232.506351
235.250477
236.889162
236.907796
239.125857
239.667874
245.063458
245.453046
245.320761
244.118369
244.967456
245.278364
245.693009
243.750118
245.019747
247.366261
249.475482
247.260363
248.049760
248.722054
248.633167
246.767213
249.776283
252.297520
250.332219
248.359910
246.406033
245.022099
243.337751
244.270531
246.565334
253.553681
253.407907
251.460755
254.478246
255.114001
257.129372
259.392615
260.511244
259.107339
259.280241
257.439530
257.544031
259.107557
260.573230
259.374919
258.579874
265.315075
263.894687
261.881694
259.909459
262.863750
261.198126
259.166009
257.752308
256.633525
258.672295
256.711906
255.645590
256.740444
254.735652
252.783081
250.960775
251.428314
251.755030
249.668942
256.574252
258.335372
258.648789
261.321941
263.218057
264.053548
261.985640
264.352872
262.283355
268.980521
267.437858
270.176510
268.177418
266.652216
264.573620
266.524105
264.729470
268.972733
268.712155
270.244424
268.056575
269.761764
268.264057
267.012263
272.100206
270.081792
275.309016
274.871301
277.517575
280.211938
283.945963
281.506302
282.265840
280.057195
278.152267
281.149772
279.593631
277.459945
277.903235
278.229808
280.966754
279.031861
281.479853
283.287398
285.552646
283.398897
282.284172
281.076804
283.669132
288.733935
290.448842
288.722930
289.556231
287.285918
285.952173
284.473514
283.778073
281.460758
283.915458
282.615130
281.385038
280.045913
277.544398
276.100290
279.806214
278.581914
277.018683
277.214717
275.915832
273.779071
272.443520
273.340189
271.885109
270.115169
268.697713
267.520831
265.723005
263.688895
266.433634
264.385361
269.864390
270.647034
270.952287
277.554765
275.992335
277.933915
277.723334
276.323698
276.696696
274.342859
272.377430
271.162837
273.888727
271.636958
270.537559
275.882569
277.033083
275.549253
282.231760
284.065982
281.843970
280.163101
282.906590
280.654780
280.826938
279.446796
277.209370
278.108609
278.572190
278.774184
282.146806
279.872838
279.989093
279.954536
280.360586
283.179166
285.586991
289.001256
290.157175
290.817464
289.506855
289.960526
288.266623
288.171528
289.355119
295.880568
296.214099
294.476848
292.123803
292.260454
290.633910
288.826633
286.448127
284.867058
282.956282
288.149212
285.781969
286.996214
285.045206
284.717173
291.042001
289.387131
292.064926
295.085415
295.005099
297.351183
294.891566
297.411320
295.875818
297.842574
301.175093
300.991355
305.880873
303.264353
303.009084
303.279939
300.810585
298.425679
299.807668
306.266592
306.417106
309.028921
307.646706
309.954408
310.079948
316.240149
322.415747
328.591590
326.233256
325.589776
331.815879
331.160013
332.877563
335.202666
337.294682
338.563634
336.109439
333.370486
333.292712
330.463959
328.178205
326.019253
328.227207
329.121935
333.733933
335.634984
332.824310
330.820949
331.818244
329.985014
330.438479
329.440770
327.027982
324.296066
330.411106
331.085852
331.791708
333.787072
333.039078
333.554786
334.110760
334.241042
333.870750
333.400457
333.975973
335.244594
335.821920
333.036042
335.982412
336.414827
342.396679
343.171654
340.034817
338.218689
336.090338
341.985435
341.181531
345.742933
347.364065
344.346840
341.502157
339.246760
336.557006
336.433639
338.480523
340.485125
346.368274
345.543486
345.050881
342.904801
341.069865
338.765008
340.971824
346.886106
347.995721
345.007526
345.163440
342.995902
342.478301
342.422636
339.575123
336.788225
334.501246
332.271359
333.359193
332.979805
331.642885
332.097194
338.268222
338.420588
337.718749
334.821731
339.210638
338.499505
336.503630
337.362308
337.661174
335.506305
332.762256
330.784255
332.855224
333.165902
330.552905
329.862128
332.215193
329.403972
331.047580
330.868994
330.305164
328.301389
325.617272
323.818371
323.593494
323.774205
322.655026
319.904734
318.143210
321.289706
321.477545
324.746234
324.572707
323.704025
323.610440
324.005230
321.275120
320.188626
317.416870
319.371485
325.650771
326.742587
324.934433
323.027422
323.267289
325.033403
329.970894
333.504410
331.398607
328.702258
330.622625
336.946399
342.701935
342.900880
342.117806
342.539151
340.398186
339.603612
337.301454
334.502695
334.813476
335.742372
332.740709
331.694683
333.912541
333.158718
333.230070
333.114581
333.941935
338.543485
338.276324
336.253192
333.465374
332.944141
330.281128
332.200696
336.938338
338.480596
338.282699
336.658424
335.350756
335.380428
336.831705
334.652200
331.954047
332.136358
334.178480
332.287150
338.296279
343.061406
340.199078
345.063356
343.058916
341.122395
338.510882
336.338975
342.332585
343.871294
343.342005
345.358206
344.876419
344.259958
348.900040
349.463592
349.852230
355.729707
355.598632
359.994013
358.375425
357.990927
355.431326
352.924694
350.653938
347.927937
347.659825
348.521064
345.535294
345.698082
345.027714
344.079703
343.427266
345.561694
342.638809
339.555947
340.897097
338.729396
339.090694
336.652472
333.894114
333.814311
331.652834
337.780306
342.293547
342.222633
343.293588
341.390126
347.351225
345.209408
345.346195
345.003616
350.903580
347.883008
349.748969
346.860332
343.933437
341.692585
341.487813
346.091612
343.223650
340.297764
338.299000
338.822154
338.882411
336.844275
340.273124
341.910608
344.008674
350.156587
347.337362
353.410988
354.831939
355.577901
359.975207
357.003686
354.126989
351.634595
353.577922
355.391788
353.044543
352.244003
353.640151
352.973096
352.503659
354.979463
353.049500
352.163290
349.230258
349.830454
349.324853
349.175344
353.829271
351.787952
352.824617
354.776444
353.872215
353.651064
353.131996
354.588093
359.025030
356.092147
353.671871
351.607921
349.260445
349.772998
346.897198
346.833313
343.912798
341.006640
340.065795
342.098713
346.826137
344.680968
350.719158
349.954746
350.410356
348.744752
345.998832
343.159394
340.710961
338.675293
336.821603
333.917803
331.900002
334.088633
332.124579
329.073813
335.408075
337.007256
335.465261
332.750467
332.777536
334.684623
333.881925
331.964761
331.731378
329.073437
330.333945
336.574605
336.126690
342.186423
346.800559
347.315743
349.210165
348.531330
349.172052
353.783605
355.992544
353.093701
350.426185
347.993437
345.262870
343.170467
344.102377
346.083033
343.173615
341.061437
339.161378
336.381950
336.802589
337.353843
341.945466
342.847852
340.828446
341.588162
338.691933
341.545347
347.470893
347.170033
349.748204
355.794722
352.881101
353.895945
353.706418
359.504354
365.329311
364.636787
369.370981
367.904649
365.536359
362.741663
362.577773
360.460715
363.354607
362.149524
363.252435
362.162707
364.041719
361.433760
363.721017
360.611728
361.321525
362.391251
359.392982
356.928049
358.521800
358.199070
355.413962
354.800844
356.757627
354.245050
358.666155
359.032752
357.015814
357.793481
359.248429
360.026755
357.572344
357.983641
357.286982
359.177339
364.980566
366.170046
370.424990
369.543073
368.415920
368.338802
366.199137
365.794763
368.258169
366.021225
369.003183
374.494151
373.009785
372.227190
371.313540
369.479057
370.244362
367.232345
372.850021
373.537436
379.199061
379.402305
383.516634
384.209021
381.704153
383.275405
381.732079
380.508127
378.143840
378.158069
374.930180
372.612521
376.981075
374.367271
372.295784
372.439291
369.232070
366.754347
372.553803
373.864833
371.470357
377.269653
382.803957
381.475626
378.358714
377.228741
377.105713
378.761022
376.014672
373.313386
377.631619
374.363390
374.768707
374.612656
376.928634
374.569197
376.489996
373.971634
373.006921
373.201163
374.625354
373.462492
375.179161
371.985814
368.933057
368.012806
365.812790
364.523805
364.800091
370.571091
369.876173
368.300833
374.252825
373.585694
370.942801
376.763373
379.001552
383.181812
380.013914
385.565774
382.780315
388.336512
388.894874
394.589925
391.143360
393.874663
392.970777
390.057506
395.643931
392.261147
391.508777
388.165241
385.419452
382.798272
380.121196
377.366464
375.139232
372.175861
372.469198
371.081672
376.811856
374.059087
374.259995
378.441579
377.886742
376.930218
381.139281
385.293493
382.590876
379.859396
376.621476
376.374343
381.973600
380.956356
380.822845
382.232547
381.756378
379.009471
376.407675
382.136599
387.479233
384.876940
382.399590
379.948226
385.484744
383.071501
387.085915
384.778389
382.336994
382.345435
381.353242
377.978458
374.730845
372.565456
370.301739
367.679289
369.648190
366.625137
366.995726
368.398015
365.868080
363.331483
360.253237
358.401528
357.406614
363.283547
362.955850
360.777316
357.820461
356.861514
357.303169
354.878439
356.028165
361.853884
363.412178
362.921779
360.051073
364.473562
370.524826
368.150684
365.587406
364.474779
367.403781
365.103954
366.312962
365.578686
364.763335
365.371495
369.757870
366.609543
367.108727
366.773810
366.933975
371.318009
368.425223
374.143970
376.214320
373.618119
379.317938
384.986759
382.568510
388.202825
387.188828
391.237327
392.293065
391.471202
396.947490
401.113058
398.039900
398.226001
395.224192
396.589232
396.717180
393.330621
390.560886
387.226405
387.649613
387.357527
386.155624
385.110959
387.249849
386.417686
388.322509
392.543751
391.098170
391.642963
390.173335
389.644346
390.470684
392.939950
390.398772
394.623244
391.859287
395.895027
396.283235
401.748402
400.903087
400.600414
399.523812
405.115574
403.998447
409.314462
406.405628
406.802649
407.899798
413.222800
415.116291
413.621716
413.204292
409.394655
410.807042
407.005721
408.121140
413.693928
410.969649
414.851007
411.855012
413.083926
418.436086
419.226209
420.449598
417.533535
414.474002
418.455072
422.293066
418.770242
417.751434
422.928920
420.320112
418.647387
418.052615
415.123313
420.456079
419.311735
419.413211
418.282925
417.180466
415.827574
413.166209
412.271164
409.889716
407.169204
407.130743
409.439937
408.512538
410.228484
406.858218
412.285636
409.677335
415.090562
414.243090
419.501659
422.974864
421.429191
419.728188
