-19.262278
-9.292929
-20.398765
-23.368182
-12.337726
-18.074834
-0.666553
3.901822
-13.730201
3.155118
-27.886937
-12.925926
-7.522222
-10.277049
-11.116263
-0.459041
-9.505732
-7.806752
-3.603833
-18.008065
4.879211
-16.398974
-5.408812
-14.475610
-16.482822
7.645455
-5.421053
19.463453
-3.033871
8.122156
-22.311888
-6.323729
-12.498315
-6.350000
-14.967610
-10.757554
6.711706
0.228352
-1.619930
-24.482822
-27.577019
3.870412
10.338028
-4.265789
-11.562724
-19.463576
3.293151
-14.684940
-13.185906
-10.010811
-0.918919
-1.053055
-1.907018
-16.479747
-15.221053
-13.350307
6.303774
-19.603097
4.982836
9.334252
-5.868182
7.162082
-9.836207
11.692857
2.531481
-12.457692
-8.452589
-13.326230
-15.913559
-7.796091
-16.015337
-1.060432
-5.180201
-12.400000
6.075000
-25.350000
-1.318078
-8.628859
-33.294444
8.591139
3.645627
9.022807
9.374074
-4.188835
-5.583333
1.128571
-3.626923
-3.814187
-13.002236
2.722535
-8.689439
-10.434743
4.153953
-10.767610
-10.621302
0.700000
5.155221
-7.419188
-10.198625
0.343796
-1.768519
-2.953055
-1.903390
3.495349
15.130935
-6.593789
-4.883086
4.864789
-7.783871
2.014948
1.524324
-8.790523
-18.529439
-8.308730
0.462274
1.288516
13.594521
5.262162
6.194444
14.183032
9.155344
-3.490614
-5.785052
-3.947541
-8.235816
2.606897
-19.300000
5.369380
6.631949
16.117391
14.289474
13.003300
10.645522
22.585714
-9.188835
15.207895
14.637113
-6.854075
-1.060448
-5.307692
12.268085
8.956367
-11.079371
13.632008
-2.938545
5.762379
9.673077
-6.424834
14.282759
-5.432558
6.805556
-1.872549
2.940067
3.886441
17.043307
-4.948187
16.041188
7.716667
23.212782
-12.766422
-5.094704
1.800738
-5.256849
14.578261
19.726573
2.859155
33.921374
-0.386601
-0.806055
4.783333
3.226573
13.956044
12.137801
5.885987
7.162821
4.528571
1.264948
17.925887
-2.731579
-3.521053
19.618817
1.126573
7.042446
-1.183333
0.345183
-9.533333
18.875862
7.235570
29.941322
0.153909
8.745324
7.130619
8.120635
2.556271
7.836441
9.079866
-7.658730
15.166393
-3.094795
7.112069
4.961290
10.194982
2.927211
10.239189
8.684211
4.013075
-0.543399
-1.259726
-6.374242
22.463345
22.867213
0.191270
0.018493
19.037801
20.370412
13.706601
3.423077
10.672222
2.945455
5.404290
-0.292776
-0.020732
9.588516
4.411538
4.324074
23.235878
5.622936
2.842466
3.813907
-8.746091
12.947887
-0.020068
11.535484
19.824528
-2.074390
4.559016
15.278571
17.069697
2.272054
6.547682
15.053521
0.554947
8.096610
5.450358
11.320548
23.516165
19.364173
7.589189
3.965257
13.630070
16.995349
18.214232
7.698201
12.885324
18.436364
-4.552941
9.718493
13.424490
19.570849
0.500000
5.174074
28.793750
-2.192308
1.085065
9.314948
8.061538
11.157047
13.511765
15.034211
9.719799
11.137113
56.242157
33.100000
4.820482
7.486411
12.751449
14.389568
4.806601
11.220732
13.905670
13.630645
3.846580
18.589568
21.818750
-5.374390
21.713768
14.286441
25.812069
7.934114
5.922924
2.878522
9.556627
18.134615
3.115517
18.164706
14.369505
13.041516
6.743151
9.835110
8.171986
14.443796
15.218966
9.736691
25.225180
4.733121
6.150760
-2.843939
9.139632
16.852941
3.472355
1.940067
14.667797
15.333566
12.849442
25.783657
18.038889
13.766667
14.614035
-0.596988
6.291167
13.564360
13.072535
5.900000
7.313793
17.933449
4.191558
10.037705
11.043082
23.683688
17.765468
3.482390
10.497826
7.214724
7.528571
6.433333
13.143653
6.531922
7.519244
19.837970
10.702076
4.811165
16.288136
23.841176
17.493151
20.283737
17.375166
14.432836
35.881132
16.147788
13.833566
10.039550
14.136396
15.764184
16.674324
12.754545
21.216667
6.484114
21.195205
13.857895
40.364173
17.373835
9.181818
12.488235
4.786411
31.574205
17.536396
6.056931
17.144108
28.378261
11.838462
12.850631
0.000000
9.912025
21.026923
8.354152
23.063830
21.722355
25.186957
22.190033
16.424919
15.247458
14.444268
5.664094
6.096980
24.766667
32.467474
13.339502
20.463566
15.154947
22.483333
27.806360
17.367532
18.251703
30.906250
12.972414
3.979787
17.472054
13.772222
11.847712
16.583784
18.435324
6.515517
24.817460
21.844444
16.441391
7.766667
14.013399
39.817376
25.123529
30.274377
18.139057
17.237354
19.692058
25.583333
22.892982
9.122924
21.162162
16.991815
20.241971
13.675503
14.740741
36.607143
52.396939
23.459155
22.887768
13.163777
27.771264
37.896581
17.450000
15.691935
9.621831
31.037276
0.288028
12.754983
14.639241
12.013707
17.832394
28.059259
15.790141
22.450000
12.127526
24.307071
16.403191
12.303047
16.288136
16.536691
18.887097
13.675166
12.254984
22.036957
20.227273
36.954930
5.514724
19.108389
21.733333
19.458940
14.164360
12.073290
14.740580
-1.426923
13.514948
14.617241
27.733813
17.453774
12.289474
22.127119
18.452459
10.875610
21.768817
35.097026
34.889552
17.501408
16.171429
19.516867
24.164184
20.250000
26.321986
22.576119
13.910993
11.026573
13.448083
19.589632
68.271053
21.766667
20.305052
15.295151
22.000000
12.844526
30.221698
20.087189
18.984733
17.161165
67.456827
13.935632
25.894595
22.651408
14.485878
26.840559
7.898230
26.345946
10.146057
26.466667
-2.672515
25.563441
15.017687
19.484387
16.473290
23.716949
22.316393
26.269863
24.331579
13.724138
22.475850
19.944578
14.652459
15.639251
28.504240
16.754545
23.355631
14.495082
18.607261
16.412583
19.087582
7.714094
19.342466
22.125887
32.355556
14.931579
20.342652
22.131408
7.676582
20.369863
15.541935
20.146575
20.213907
16.955052
18.328435
15.316561
28.394118
18.413907
18.537037
24.827119
28.166779
24.320664
10.385065
17.925620
9.800875
11.141354
22.700687
27.070079
33.751587
39.133333
11.126582
32.187640
29.237801
17.130812
25.406601
16.733333
21.787288
55.196441
18.510811
19.849035
13.115686
15.933333
16.846980
26.231275
19.005051
16.014948
45.792049
30.050534
25.485878
18.805414
26.247670
19.122222
61.593805
11.758682
54.344361
17.498201
33.963768
23.500000
18.766393
22.036957
22.477211
16.573064
9.147802
29.571062
25.579412
16.494056
37.050534
16.666667
27.551625
42.009325
26.245522
21.003468
26.250943
33.368085
32.402091
9.951703
28.581250
19.433887
25.103047
49.696970
18.083566
18.878261
16.537809
18.293151
33.776062
27.343066
14.482051
23.802564
21.706931
21.297458
14.666667
38.151754
39.320285
26.659155
14.061165
15.155718
18.088312
28.627419
23.813907
26.389189
22.927044
23.485714
22.904040
15.278571
33.321986
35.284106
10.396825
25.765079
18.904040
27.054152
20.657143
25.280392
9.973290
40.723077
14.621378
33.390033
19.303630
23.969863
17.416327
22.510526
14.578947
13.988136
28.001408
8.052459
35.430812
32.563322
15.933333
18.938047
25.967442
30.219505
2.635604
30.479211
43.840299
10.838462
29.588516
18.532911
17.604626
19.054152
32.839373
29.338889
43.692063
29.857071
27.293796
30.243662
38.730812
26.011628
10.303754
18.355696
15.546903
12.566667
5.163295
22.993985
21.067532
8.447181
25.087179
18.881579
25.939189
28.839373
34.344983
39.268085
17.902606
25.697070
19.061960
69.309343
25.851408
27.843820
43.961660
25.216181
32.521841
17.987097
20.401299
42.933333
50.150000
33.611263
41.253414
14.817742
31.102166
20.293040
17.020635
26.073064
32.719799
27.620478
30.925676
24.442424
32.041935
24.861538
23.543796
24.611847
25.407602
21.761733
24.394268
25.473064
29.194444
15.201887
30.602941
35.054152
25.366667
12.620701
28.777011
18.758885
27.407143
13.002970
23.003774
23.123529
23.314360
34.367808
23.736364
24.420732
24.280178
15.669014
16.253797
41.376923
51.438321
8.464832
19.867110
25.608547
23.359712
27.544610
27.979658
19.574766
18.935294
20.012245
26.929932
32.394891
11.957692
18.732394
29.881970
31.411129
38.893939
29.877211
19.458065
14.678808
38.179932
12.015517
14.644379
20.251049
19.367033
20.416077
17.797181
36.091270
25.118919
20.352351
17.890964
33.335324
20.464706
24.837255
24.490323
25.072222
29.405051
25.448428
48.164798
33.405296
53.937349
26.289189
25.864948
12.989298
18.022807
29.675503
25.804040
24.616807
50.625000
33.575850
22.593985
37.974567
36.268966
36.133333
22.945907
27.692193
27.437809
35.392096
13.015385
58.438686
28.719048
24.033779
16.990141
16.900000
21.501083
19.309038
19.005263
41.534100
28.233333
65.608955
43.798113
20.871197
20.660993
22.175850
27.453957
13.362460
18.405405
44.378522
45.751685
33.011238
14.895238
37.515385
21.329664
30.769965
21.283566
17.558632
21.074648
22.804626
13.750000
26.166667
66.746259
20.931847
26.566667
22.955941
43.230812
29.170149
21.541261
29.611238
68.458065
40.397682
50.709302
23.072924
32.952672
28.683333
25.274116
16.114286
46.062893
39.774074
19.238679
49.990090
24.057071
21.960993
18.258065
36.375610
32.721429
15.355623
16.857233
39.821986
15.486040
31.741503
17.853797
35.117770
16.514286
28.931579
25.669863
33.134219
27.295775
18.805296
92.138760
28.590031
64.683333
25.032390
37.553909
58.983582
31.569965
20.015686
29.033887
21.712583
24.515517
50.819424
32.657071
18.316168
15.391167
47.685915
8.616216
37.097764
24.065517
21.190909
32.762100
37.551079
11.839877
32.439502
14.057362
32.959259
23.090909
18.726523
43.147079
65.030818
30.233566
72.041328
27.178981
32.817391
9.699115
29.319799
17.308682
33.576271
30.700358
23.163636
30.516667
35.768831
25.880665
17.139535
22.803976
40.637276
21.793040
28.382390
21.538658
23.368966
18.108696
44.431970
27.530070
48.659459
41.651079
22.057692
26.604290
37.227119
62.663475
52.607042
20.382699
49.891188
18.058065
28.170149
29.112782
38.059155
50.810231
15.254341
43.632491
41.412274
30.631579
34.055556
28.709665
26.130769
20.346057
19.468354
33.368421
38.023770
40.801408
62.427682
23.200000
16.647445
50.590411
30.286411
21.814094
58.364384
22.345277
72.959551
29.495151
42.586441
29.538806
41.422535
62.517671
55.839929
31.378522
32.836396
31.606931
49.520077
34.076271
27.787179
29.419048
28.803114
24.804626
62.542322
24.245985
18.509091
24.525095
33.910073
28.551235
12.489130
14.189933
63.209184
18.446032
29.612082
23.564706
15.500332
28.097297
44.250000
56.212292
95.289394
60.078277
44.439683
36.965517
30.586424
28.595082
80.328996
39.489550
29.919505
30.494982
33.146154
14.276596
17.270034
36.409091
47.600000
36.797436
16.212752
42.660345
51.229412
31.897411
25.646392
58.895541
81.944444
51.960653
73.575758
18.512583
29.687582
38.525325
55.606228
41.261238
23.148428
22.876923
44.998113
42.413924
15.901734
37.737736
61.819931
16.510884
35.281949
48.024567
24.484848
40.675887
30.792308
28.635849
37.167808
52.442466
17.334650
47.139373
15.308197
34.313907
34.091107
17.501342
21.121918
63.941322
21.523841
79.026580
85.059968
40.070732
15.422118
13.108777
32.084810
19.253383
41.379412
19.485714
27.497552
25.642771
17.169231
26.382334
32.591489
23.430178
16.460884
58.112211
32.407261
59.903704
20.440741
24.411847
43.060494
49.555172
45.536691
14.226316
13.039933
18.442294
42.002649
29.132432
40.070253
40.971062
28.059119
19.100315
26.275862
39.351375
15.606452
38.772222
55.365753
32.981102
40.020664
41.667213
43.012069
17.369014
26.013063
41.527778
29.556780
35.566667
37.632836
25.577966
30.637582
24.590909
41.481970
34.283688
79.596468
56.571975
45.040067
26.314094
19.745741
28.046358
30.359966
42.445946
22.787097
31.157616
42.171698
36.006061
86.256897
30.669965
70.388189
25.923323
28.922078
25.576119
21.132258
41.001493
28.894982
52.433333
29.067224
21.735689
39.202682
19.141975
12.992994
10.869767
38.320370
15.309816
26.259119
16.654341
21.876923
57.559571
34.879775
28.575676
21.782090
32.489632
33.524138
26.457895
77.455782
20.696350
19.207092
23.983851
81.031317
22.740541
93.975601
33.356835
83.550187
28.301299
18.968794
34.246970
33.387063
78.800752
35.909386
20.984351
91.900000
26.626523
21.714894
36.748201
32.648428
40.403909
76.167376
16.315789
62.413934
16.191026
24.938369
46.372355
41.266667
16.500000
54.341241
33.211165
36.655556
70.432353
110.687097
28.111628
90.184892
19.257047
19.873290
47.301408
35.978981
50.334014
26.173540
57.138095
47.011238
23.667913
34.167742
47.348387
50.829412
21.601639
18.494737
38.931922
23.883784
22.303300
19.486885
43.624324
12.997810
35.064808
40.231148
16.089933
27.253521
35.672924
39.292308
11.311561
27.241489
24.133779
21.993985
40.920664
13.021387
22.554890
69.843697
18.280866
31.099291
15.955814
51.544444
30.561290
54.909091
26.187179
31.931579
33.701493
33.712270
15.801413
18.069971
13.333555
43.207261
60.274590
30.412903
25.109464
25.576119
24.979866
16.790785
43.596416
25.839502
52.105263
22.435849
36.539535
60.285714
29.255556
59.009253
16.234483
46.307071
23.585714
18.436027
78.055039
25.022222
24.883851
55.436490
23.262162
59.603053
55.861111
22.788664
38.241558
33.242308
36.205611
19.094737
36.620690
77.826471
85.710836
77.761589
13.933555
18.651703
36.641516
26.413456
20.303030
24.904545
18.691167
54.381620
85.913131
19.194737
23.882540
28.091275
24.359517
27.204950
19.625926
51.134775
30.948148
16.111480
56.626490
13.029412
36.106931
14.541026
35.037589
32.342907
39.162821
19.498305
47.668817
22.967110
39.291391
35.519244
23.936364
21.065574
27.932046
41.178947
25.761039
33.782699
105.011321
28.017221
19.614894
51.181148
56.403089
38.315385
23.058065
66.196021
21.900369
21.754341
18.386207
63.700000
18.734483
12.952648
26.223077
34.396970
21.256627
21.143206
30.080783
59.137640
43.836691
46.807261
50.462069
34.632051
22.529693
27.869841
15.990909
22.210039
52.859770
45.313793
35.173770
19.388136
50.447368
31.019048
42.036441
43.618817
38.266667
33.145872
21.094737
38.733449
11.878073
14.862319
16.146154
13.848649
17.172028
85.328302
32.424638
73.207067
68.971930
27.566667
26.301639
18.064261
35.390977
15.859105
54.186957
40.191483
19.042331
16.705263
27.935570
51.918567
25.174648
30.722064
16.003030
37.715058
53.577778
28.968874
36.056835
18.853994
29.519048
53.905190
26.978261
75.019243
17.797260
18.650311
18.126214
17.097080
25.635099
26.238658
52.914184
17.211371
22.296491
49.474074
39.640964
16.628814
15.692962
45.957143
21.482133
29.907443
44.472222
86.375618
45.317808
44.321986
26.204290
17.130258
42.314094
64.857831
87.309091
43.668085
27.375862
54.091815
37.539847
25.229664
30.782818
40.977328
15.789606
16.801887
22.858065
19.455728
63.729617
40.780282
32.601556
31.316901
18.005405
35.500000
59.068868
14.755814
22.888270
21.320635
68.048485
38.381949
32.638028
28.680723
96.350877
26.521944
35.845151
30.600000
23.098502
27.297297
39.994891
23.766667
27.407692
32.303509
35.833333
100.563115
73.675410
39.861165
49.396825
42.689373
177.113953
45.467568
44.857143
22.635865
66.878457
23.195775
19.700332
19.166724
34.927211
18.320779
38.050554
75.096855
23.813678
72.084848
28.640351
24.444850
45.628571
74.259524
65.037748
41.092308
22.428144
13.221147
64.021212
24.360993
47.342446
86.939437
47.686411
27.247458
25.932219
63.639623
16.533033
19.663743
19.668531
40.828395
48.528571
12.030496
35.910811
13.406854
77.133041
76.541509
32.900000
46.765517
25.013678
60.850000
35.420478
70.044128
30.938710
51.556478
23.047712
40.597070
16.544816
34.245455
64.856869
21.327835
40.268817
111.079137
20.686885
84.937786
54.512698
75.063844
22.902076
17.127027
87.912871
36.951908
27.559502
32.487582
30.663158
45.359386
17.689606
55.605882
39.645151
27.679866
22.573290
28.045205
34.200576
28.964808
36.542857
30.697959
45.918750
57.650314
47.929707
36.917770
20.178073
24.397248
14.670270
25.282759
46.122535
118.455336
27.297345
30.304626
17.676923
24.107092
41.285065
38.093939
46.887540
23.396350
35.519178
30.093040
80.957143
19.842857
52.018750
36.226332
17.809524
39.247826
18.886207
82.563844
22.634586
90.804181
29.532911
24.583871
26.734951
149.174419
35.563322
46.140067
19.708197
35.824138
23.038095
20.567033
40.792096
196.821352
24.160993
22.205405
33.210526
29.501274
59.765753
61.107463
16.654341
17.136027
50.089157
19.327027
24.684211
34.131579
57.904947
55.408251
40.848428
18.036027
27.750000
40.451908
46.693662
28.616327
115.377739
36.294891
25.300000
84.571218
39.923129
32.771733
27.827526
42.833566
49.116667
53.806767
36.164516
63.119870
57.249398
44.281949
194.175465
24.656250
22.447678
28.545907
44.210811
36.291483
18.615094
27.532699
56.425532
50.045324
30.659935
43.123129
19.178073
37.661538
36.854054
22.167913
40.154545
34.223129
53.230070
34.719048
55.733898
56.382353
87.099281
24.269258
27.613456
38.695082
22.562583
35.977814
42.955556
150.235088
78.103922
41.059477
40.913907
33.094521
25.138047
49.001408
22.090909
188.158306
47.827211
35.569965
57.247588
34.383688
21.025188
20.637354
53.924567
266.861372
44.740590
33.848052
58.729412
71.013208
37.428571
34.116393
19.116724
37.705611
109.627049
50.427211
18.901887
22.262284
22.583784
51.349442
92.984946
31.025000
36.546392
137.517164
26.600369
34.477273
86.966894
49.993939
50.390909
20.276978
42.032432
42.852941
32.252632
42.000000
46.934100
100.976779
37.123529
36.995775
52.729932
70.190033
117.734307
39.045055
35.967241
145.657862
73.989967
66.041606
31.163158
136.280363
24.747712
39.139502
181.030769
230.566423
18.845741
39.024490
55.725503
41.785714
60.212274
150.606870
41.294161
46.314094
49.975896
22.787719
50.278947
35.636396
41.069301
30.102606
91.570992
26.216561
24.010332
19.114894
44.398069
81.656856
56.912274
46.417770
103.163899
65.640181
48.192058
36.482334
87.182965
21.710127
30.920548
51.942466
46.323529
58.234014
37.863322
69.612698
47.925166
27.333546
61.142336
71.587640
50.221986
139.317606
60.689552
113.566667
62.510145
27.139241
75.336508
121.285211
73.765823
138.616318
38.938028
38.067224
28.058042
55.481208
54.387540
99.293525
16.790066
49.775410
122.855556
110.271795
113.626586
70.139216
44.489474
235.451203
174.683392
42.700000
12.981818
44.844311
156.272973
40.956809
33.151049
95.435540
49.766667
59.180812
129.413289
40.073770
21.632258
130.396689
20.408475
46.627451
61.733333
174.600000
38.207509
18.531013
61.034014
37.172054
51.159073
27.746350
231.572340
42.422946
78.429617
68.050923
44.640067
89.937405
49.986411
69.691241
45.778981
43.797436
40.892096
59.332491
28.972671
46.369301
64.676737
103.631741
34.242907
96.272848
64.521212
84.690301
40.593248
46.243945
107.296226
192.892754
79.763158
37.832432
33.931579
49.389701
54.416667
35.494891
49.389474
114.126506
87.200000
39.155556
107.234426
80.245118
44.482390
113.069811
236.292308
120.048689
46.301090
85.870722
34.829658
78.100000
119.035216
156.976510
49.467568
219.257009
86.193750
42.756809
88.588535
38.722981
53.990775
34.683399
47.789189
203.429968
51.067442
83.300000
49.610701
484.063946
41.610526
37.481102
99.795302
31.248052
225.518182
49.704947
51.667442
20.542857
103.909343
92.572727
27.351274
125.771587
55.023077
67.615254
59.386081
142.139831
82.082979
52.859073
123.003514
46.103909
50.045020
23.175188
203.180150
55.782353
108.176259
154.925475
30.311628
31.500000
115.538931
146.974344
63.355172
239.329496
163.944444
46.975439
29.371044
34.262379
144.190909
255.107605
32.680443
38.902649
113.016357
46.186441
102.227586
45.635826
186.380731
117.848544
201.103344
57.991815
277.461644
114.416129
237.018315
199.436090
54.262274
51.426573
64.342322
25.800369
50.242446
149.823418
238.196907
109.306825
45.625166
21.225620
153.232103
263.537979
41.121053
35.980328
40.191483
29.209877
49.606931
164.921725
109.160274
89.142857
104.460274
190.875779
43.646057
103.040397
294.835088
176.175697
148.702326
43.972222
69.715385
27.130619
822.700000
355.615254
65.216084
99.100000
60.269466
106.461290
83.257143
77.545133
500.201394
48.501408
88.816117
219.317647
35.927760
58.314184
290.393355
49.931148
36.747198
53.347682
262.389147
81.255160
130.485358
64.110145
38.669863
323.106798
42.854930
58.332491
169.047157
235.419113
50.691473
237.508271
492.473770
79.421053
137.857367
49.800313
222.026316
531.868041
41.392058
230.438462
51.586411
91.907914
106.416667
495.984932
364.350495
310.609489
59.316352
47.237063
57.251685
48.452459
49.700631
37.131579
62.881081
49.821986
106.236254
45.237063
157.198413
229.165060
153.614634
38.809119
48.389701
51.413793
241.724595
344.854440
147.219142
66.779012
452.094444
252.493252
420.724490
49.166667
27.844850
56.000738
359.135294
122.585714
421.339785
322.107527
409.711268
485.279310
166.252941
256.561290
123.374608
45.429787
112.812903
109.046468
38.775758
236.693103
120.129577
339.550192
110.824911
41.153012
57.029412
42.761129
131.644170
384.850000
53.174074
28.713433
69.356688
414.146715
50.931148
42.836909
97.776471
578.707483
42.161538
484.484950
119.062416
40.711801
44.628395
90.312541
420.443750
328.406849
56.226866
151.914068
36.874648
277.017722
47.535065
162.759233
58.500738
110.110390
220.017007
90.136810
39.817460
94.759574
54.889701
55.068421
56.989701
53.031970
716.826460
301.352941
299.374194
104.921402
56.116667
49.791139
42.923529
60.986957
338.824901
229.652797
144.513187
55.100000
94.051220
124.007475
52.861165
167.728767
113.173913
737.872862
622.118978
173.221583
230.674267
210.076817
70.938889
108.640741
182.700000
75.200000
90.809524
454.460396
260.379931
375.428105
229.660656
154.826959
57.360073
103.063636
206.358528
511.667327
108.586142
118.440154
440.662338
52.852459
53.359386
68.700997
49.835065
462.714769
119.672650
146.778689
62.359459
382.214286
51.476471
61.200000
376.302509
94.118954
204.861111
221.031056
127.391525
43.295925
46.788312
282.524742
362.188462
109.757045
248.325753
84.733962
369.089761
293.649180
54.722535
269.481605
58.892982
85.736364
49.906601
44.428395
118.359916
301.958621
251.242071
45.644109
114.935897
70.392334
91.049664
58.704947
155.820132
575.874561
59.374074
55.768421
211.469767
327.741379
268.433333
223.746575
94.273004
42.802564
59.500000
162.843003
605.231343
56.785324
79.640193
51.127211
37.375862
111.815385
380.699495
52.201408
55.230070
248.609524
99.182759
122.416357
444.894464
56.417808
58.488889
365.528777
139.331148
101.597992
505.929431
96.060324
238.418182
318.760201
54.708815
51.737809
114.767416
59.763636
191.864332
280.633333
584.242761
202.975000
78.291549
71.747287
60.657895
420.376596
381.181481
357.725153
523.741270
211.834437
242.233333
312.548837
116.408451
142.682482
116.049650
231.490604
102.013127
54.847682
53.802290
697.504659
213.600000
63.258209
911.000000
41.670671
82.808108
445.135659
240.925581
249.633333
91.495341
70.619298
133.521053
559.298592
343.145338
434.454455
268.756522
308.759075
396.605495
586.143772
140.411470
53.861165
742.013043
96.847619
115.253147
48.726582
112.168512
77.535409
314.786331
116.825784
554.236900
51.277108
64.709524
588.474725
28.203630
46.714286
61.437801
145.621190
45.916949
109.050877
506.327273
141.304965
48.724919
25.082759
218.814286
364.353459
121.627027
353.500000
254.859136
55.900738
270.626087
128.598693
125.267626
102.616779
128.020567
300.618881
79.694479
61.486913
153.635461
82.860377
122.246154
54.786441
476.650000
50.455696
199.487013
119.179503
226.512698
257.984127
55.395425
119.454545
57.916667
209.520513
59.162069
68.075084
114.797095
445.190909
922.600000
451.685366
155.590909
534.540803
134.670370
68.433333
82.923596
83.017647
43.174766
437.156835
75.090411
53.712821
395.888848
346.866434
377.741772
457.567123
233.895890
54.827451
89.638356
517.790647
354.828986
53.559386
214.155272
47.200000
389.169896
297.472185
45.926582
59.117808
138.657732
45.972222
62.277778
88.480702
53.166667
202.791054
336.615947
303.161017
107.662500
277.937898
68.284387
909.800000
95.507623
54.600000
106.720126
231.442857
331.037931
881.200000
67.456522
913.000000
265.195266
329.604498
501.937697
56.117808
198.115686
386.280737
256.033003
103.786928
253.822535
499.657785
327.515615
65.105882
55.472355
167.420173
166.947107
138.760345
455.178135
32.459434
250.283988
633.495455
913.500000
104.600000
403.550000
55.928571
58.007261
114.133607
54.371378
180.394444
127.239161
266.043590
52.439550
47.025850
331.813043
193.114526
377.077419
244.292359
217.407483
51.866667
405.078947
46.162080
338.685816
109.146185
330.118543
362.006250
384.704797
77.203738
112.387770
285.227273
236.140293
411.063636
284.432588
239.579612
57.117949
279.900000
99.713475
875.700000
121.942373
601.045455
51.981949
108.923746
543.259259
100.878378
237.930363
300.285246
252.092053
204.037908
151.100000
138.645174
426.722695
352.375510
102.844444
307.900000
46.991139
218.299110
83.546021
62.931293
185.191156
63.147368
532.265306
48.695082
39.155414
238.552941
185.890681
125.390323
106.834483
67.333333
128.093769
56.372355
507.729412
57.733657
92.463636
98.251220
73.649402
56.186441
589.587085
544.794737
50.143796
314.000356
382.268139
166.900000
315.724837
69.170849
743.328440
600.262238
110.457143
205.625253
62.165079
539.971795
110.007818
117.148148
71.792334
426.184300
90.113357
226.158199
127.863636
633.703546
428.714286
777.429851
60.690476
83.802847
57.929412
100.778947
54.439701
216.825000
118.170270
372.816279
446.312803
271.483871
297.130709
280.695730
287.129102
55.852941
111.088502
495.426415
49.106061
35.320548
246.824719
330.635463
62.923077
82.821033
64.582353
324.335294
412.405495
248.264539
651.314815
460.629787
115.991892
160.539863
398.145283
65.067213
70.115385
335.183648
46.451026
66.881481
229.776451
56.300000
63.272204
261.325914
448.387546
564.042857
65.831373
55.830070
102.213879
24.586885
58.182428
222.289097
145.795307
297.389324
94.891144
54.992308
177.618182
618.957480
68.105263
59.111111
412.197122
107.520513
247.979624
316.752941
319.448649
451.244526
314.387879
468.143662
924.100000
551.280427
470.431293
364.528660
227.154122
69.606767
317.055172
155.566740
325.112739
125.663636
46.900664
239.850804
41.587179
279.593252
61.404947
627.892523
253.979612
47.924919
273.894006
332.849462
916.200000
91.077132
502.164780
937.900000
52.017391
210.941463
356.466434
561.156634
114.151822
54.201235
215.537908
129.737662
261.702837
286.352542
327.473510
107.172222
76.307463
729.225869
237.540541
252.423529
159.904225
148.600341
283.696104
102.674912
921.600000
71.941096
342.920128
63.123077
178.608642
522.707843
269.433333
451.256250
936.800000
394.002190
782.500000
164.846975
555.939146
391.227397
475.995522
418.547270
71.539223
67.550534
949.700000
131.562963
47.992063
259.332432
116.584892
821.522973
137.668505
79.510101
799.828736
124.248649
46.938673
326.335616
70.930894
66.940157
790.145455
55.087540
61.507921
294.411355
94.438488
773.168421
53.773770
290.402357
57.113399
70.005556
140.438931
187.229730
52.481949
923.700000
237.135905
60.619355
50.772222
312.141155
324.298392
360.914035
43.926582
289.104636
59.400000
315.162044
85.692784
346.532432
936.400000
180.788224
133.354135
62.167123
57.613793
132.662550
95.823466
202.171014
943.600000
439.979845
372.175362
317.959582
149.240678
64.910345
89.677612
764.800000
72.137500
69.415789
167.496552
56.739550
437.782474
29.842662
123.005556
94.153114
351.886207
798.347173
59.706367
56.724324
136.066667
67.909253
365.604478
646.831250
131.546154
71.820896
329.976708
604.936364
57.343346
117.551852
57.528571
321.660584
235.662162
66.416084
122.441718
60.221698
87.582550
115.122876
393.232450
60.525503
179.286567
43.411706
77.150000
386.346617
102.530818
230.150617
202.200000
938.400000
313.616151
326.289003
532.096491
70.956522
101.027778
336.535231
63.158581
539.575000
480.047368
139.139326
143.724675
59.043662
226.982759
64.987261
59.507261
399.809804
102.500000
67.574295
393.202740
41.850000
218.327393
39.441261
66.297004
221.412500
281.337011
136.974552
176.886275
260.325753
375.849498
65.961111
232.024204
67.025301
61.619355
557.374086
58.097411
55.328571
531.651007
359.696743
310.194872
274.303654
251.413208
157.118896
209.984227
73.603089
427.248276
166.557807
81.844361
116.916192
120.087324
119.036842
825.230508
62.249849
57.217442
440.061462
311.929740
56.146154
591.552508
67.908581
297.936304
124.326506
121.969811
517.710373
223.596386
301.253968
86.559016
274.370990
70.036364
149.043262
66.881481
116.000627
168.173759
128.163946
153.923529
71.110653
49.191483
63.888889
309.512329
335.573585
443.185039
62.868293
799.694737
333.042424
126.690909
697.205882
120.255556
251.647020
53.059477
323.585489
233.771795
76.659732
130.584880
242.702797
142.461172
76.451757
48.680282
69.714286
48.981899
194.061094
53.216129
58.095425
321.317021
59.213793
123.123920
154.711419
308.310256
40.551049
89.895652
46.366667
49.868493
33.793050
264.389474
392.214493
67.110526
702.360317
167.602703
495.290909
46.997436
126.209343
88.866467
51.646057
349.975676
282.067213
63.070199
63.959459
272.526230
129.141994
594.741379
68.607042
370.644444
183.476271
523.463636
54.765517
238.309598
350.618644
255.959206
534.518121
145.404965
32.857143
387.129730
291.064384
30.953191
143.600000
273.850000
298.883333
64.231373
391.046865
194.394366
236.379470
517.955738
360.278014
322.228388
107.077567
547.153846
267.833663
448.987542
286.931975
65.166914
939.900000
62.641815
124.108451
221.509195
805.300000
120.368421
425.459306
278.052239
50.489474
152.676190
502.544828
79.576109
427.333333
109.842675
246.877947
302.292834
353.187544
354.298976
47.728395
333.738983
275.093220
302.645578
100.307018
52.741270
58.947682
66.461111
414.469231
84.596552
134.862914
567.984211
124.128571
275.499327
276.105556
57.470199
95.710863
304.648227
64.291815
342.700000
52.659386
232.523457
92.440299
50.268493
116.222642
557.760900
59.316667
64.167213
73.609091
136.593528
87.982353
400.138889
55.212821
105.240824
290.102899
73.065753
203.709091
345.508759
150.876190
963.300000
75.913480
73.745485
256.213450
136.452632
469.281208
514.393625
52.273171
372.408247
506.918954
399.118959
238.752632
458.713907
293.327517
779.226316
284.022222
232.224590
125.081550
329.027027
276.058282
286.742857
51.403909
370.713027
479.671174
458.288312
27.963636
326.200000
315.279205
239.833333
62.037801
547.674172
501.900000
55.767442
53.101235
52.972222
108.012625
76.587379
336.615719
473.750836
945.400000
238.976336
58.692701
553.209836
318.053741
456.651079
483.453737
371.255474
120.120690
276.397590
75.209091
267.889711
413.896552
405.674908
140.742105
179.870440
932.100000
123.276259
62.595356
64.658209
555.338562
96.301338
57.986441
117.795868
145.874074
460.510526
62.633333
150.080292
365.131034
56.261238
59.478595
70.552482
297.714599
284.100000
43.146154
940.200000
432.686207
289.677124
525.963987
450.933535
346.767085
57.262821
498.708772
57.401205
932.000000
114.714191
541.303072
70.267320
115.657143
58.792701
459.622034
87.060606
689.055844
242.914947
421.939024
51.459477
438.575524
119.991026
143.084644
775.806569
70.258824
792.804225
231.537543
539.498653
546.953846
653.614433
39.979935
357.460068
61.401375
89.564407
577.902703
125.535669
66.225084
321.788889
310.560563
551.924430
87.477419
523.831034
462.234426
509.812121
70.177778
171.926357
161.547416
540.309589
790.149446
460.224638
117.857679
372.052941
62.525000
153.911419
138.086245
214.929412
52.046580
526.930769
153.882609
159.605957
147.472519
29.894444
133.133577
646.692754
157.376190
122.258824
296.622034
147.326230
62.239752
140.223962
362.110438
127.832168
94.891144
128.369550
151.009506
87.738255
62.311960
538.162791
61.606367
812.288235
348.128814
301.172372
931.200000
121.311765
470.150376
256.875776
137.759786
313.623529
41.312903
77.800000
150.918182
543.751827
48.711801
161.697068
805.038494
390.934050
128.650000
943.800000
465.653957
61.864789
113.757045
554.512069
57.725503
297.870588
142.812766
55.704152
367.133333
324.466667
298.771642
616.036364
54.750000
291.498361
276.533333
320.559582
562.218605
523.961589
627.013514
404.593197
356.186093
159.756554
334.873913
120.570270
278.757143
406.530573
941.900000
329.233692
122.488973
59.172355
305.788889
129.606061
109.906250
50.976062
128.341176
93.789474
802.249313
51.424919
407.206452
91.895341
252.241975
917.200000
125.554962
557.166667
594.113781
287.053846
529.613483
51.389474
546.866997
143.861111
492.551351
631.094529
282.801258
789.943165
44.228916
277.737415
330.094637
56.344444
62.320077
436.624561
945.700000
321.318045
567.598592
170.807407
538.416949
322.508392
926.100000
933.800000
940.000000
92.758209
261.885315
948.200000
266.229341
502.915033
565.387814
544.404270
464.189902
93.144068
62.214184
325.593103
50.417391
101.888535
112.283051
546.814652
417.700000
790.321739
523.839024
54.567568
132.488235
430.550382
148.495307
375.331544
230.667532
88.162006
53.836391
935.800000
397.885765
401.671429
531.328114
258.987654
384.609859
389.152239
347.138889
297.211864
286.841497
390.952055
460.838028
392.977181
57.234161
627.673050
379.223881
934.600000
419.894245
29.487948
158.421992
125.383618
925.600000
261.595035
797.321739
507.856098
45.641558
59.878595
115.962452
70.271318
324.220339
541.122013
538.940741
928.800000
263.889531
296.282958
130.442857
159.411236
110.584177
559.446584
932.400000
457.847664
49.176190
360.598969
128.409556
291.235836
336.911765
57.671378
60.885324
108.090365
111.512500
441.054785
295.420408
199.287771
377.073770
949.200000
353.504792
268.236695
48.016949
773.712418
268.097386
138.912014
422.371429
367.248921
122.174233
61.101375
134.962162
537.881159
363.923105
71.866165
261.475229
565.168647
51.093082
493.764769
313.188933
274.486018
129.927615
59.889701
145.727240
301.330581
341.664626
211.856338
47.625770
143.752349
632.792806
340.073585
648.346526
307.393548
237.704502
314.345455
363.089474
50.994268
212.625641
43.013099
512.878378
947.300000
434.832404
145.927240
134.233333
347.014085
499.878689
818.782456
683.322535
122.924138
61.763636
520.738983
963.000000
912.500000
362.596491
264.593464
384.252288
128.442657
260.940764
109.387889
57.425503
365.580822
427.703030
35.576119
228.138095
553.480427
258.530259
340.293950
321.681159
415.850000
794.096886
311.827451
135.963066
57.471378
281.342105
66.642857
522.237931
805.964885
491.164103
318.690941
175.855224
205.891603
338.317921
480.508178
118.881145
64.836913
350.185121
536.348649
145.045455
933.200000
814.809025
56.828571
826.626877
144.619355
149.406827
79.971141
121.320147
935.700000
496.203448
290.942373
544.962162
297.179487
283.230350
808.268116
405.255197
388.327397
937.600000
342.622222
795.136655
198.135260
319.925641
102.030818
104.768106
125.849135
78.053846
321.116667
433.783721
49.944109
361.814035
278.661290
250.226606
278.836054
556.870036
53.273171
34.352632
473.670968
124.127027
374.859190
95.268441
60.816667
325.913826
117.666667
944.400000
789.104380
335.202141
449.318182
152.947368
937.500000
133.169550
358.888136
311.088284
935.000000
48.846416
534.479051
60.885324
54.170845
119.848148
321.215385
801.867742
59.295425
50.635065
140.421306
390.614478
344.847853
135.068773
679.729181
504.021502
551.717241
958.800000
68.234014
954.700000
495.506050
429.428144
795.308511
62.823077
69.334014
104.887591
545.967327
534.964516
120.667314
272.990476
491.858824
286.934653
306.029371
600.084127
161.983099
264.428571
58.860073
409.249835
299.270370
334.373913
814.568116
149.697276
455.454545
548.007309
264.353488
331.757143
301.744218
498.741748
798.281818
65.736691
114.064516
147.276923
116.860331
400.515700
62.192982
340.508772
54.781818
53.296970
246.922129
543.357627
814.841115
132.309158
948.500000
274.277987
395.515700
183.850000
74.152708
62.055052
98.316117
137.144170
153.306272
46.441558
132.137705
550.763158
137.683165
27.048052
962.500000
495.326115
182.807782
63.985915
335.457377
523.486207
254.414815
142.165517
308.626421
65.937349
455.124161
954.400000
291.783117
942.100000
803.600000
398.318959
536.757971
281.326619
412.603497
810.327397
574.677465
66.108251
86.342177
107.151292
74.936803
136.022526
436.361538
542.167944
55.141270
131.955738
151.055556
61.218567
378.445875
391.927972
796.516129
432.184127
140.907224
416.800000
51.965257
624.033333
934.100000
317.384906
604.987075
954.400000
64.432653
454.365468
334.943312
933.500000
942.000000
296.076923
838.056250
222.737771
131.075601
86.066798
346.352632
150.871956
649.850000
242.846309
472.440559
254.279624
550.063946
103.245847
590.159459
52.792096
431.591367
468.294203
62.564353
112.899617
516.303195
326.248829
79.688235
294.102128
550.479137
105.500000
796.355474
395.325899
157.338956
434.782517
503.288235
437.081013
114.585714
398.702055
288.317730
546.322677
939.500000
483.928571
791.664430
282.233333
256.827778
360.704101
154.372269
325.761745
612.135443
144.563758
664.217007
918.100000
226.057478
294.750350
280.862215
187.865145
446.009622
69.042599
929.000000
441.591489
939.700000
399.523404
790.835192
452.755326
133.722222
538.829431
228.942765
259.336877
144.079452
379.566667
55.369173
143.164309
809.467954
115.600627
167.218631
386.646479
51.717178
121.459744
946.700000
503.656747
134.417241
951.400000
930.700000
249.970874
69.784387
265.361423
364.925952
542.636585
104.126087
105.886084
805.136655
50.808682
414.895166
359.163576
606.210487
140.984880
566.649080
124.653846
277.500337
392.431095
515.620275
258.339130
545.129431
55.844444
66.710145
276.907937
148.011189
236.914286
392.152459
941.900000
301.079365
212.342146
963.500000
307.539748
109.296403
