-0.002256
-0.141163
-0.331603
-0.518001
-0.615199
-0.854408
-1.023140
-0.914706
-1.025418
-0.884723
-1.029775
-1.102200
-1.244863
-1.466103
-1.693440
-1.678897
-1.856165
-1.991708
-1.904143
-2.107182
-2.176526
-2.391599
-2.331586
-2.575526
-2.796599
-2.696542
-2.730787
-2.597659
-2.696263
-2.853558
-2.772896
-2.908803
-2.904245
-3.028913
-3.196246
-3.325359
-3.352709
-3.383899
-3.441794
-3.587704
-3.658209
-3.698610
-3.812695
-3.854138
-3.870908
-3.682961
-3.660453
-3.713198
-3.529596
-3.630341
-3.703337
-3.835716
-3.900929
-3.994218
-3.976749
-4.136712
-4.066156
-4.215024
-4.173792
-4.056601
-4.164717
-4.044075
-4.084496
-4.024437
-3.971915
-3.914196
-4.039580
-4.097659
-4.264818
-4.376631
-4.227966
-4.209291
-4.195943
-4.169198
-4.079256
-3.974963
-4.092748
-4.247867
-4.286785
-4.256734
-4.046870
-4.115971
-3.947441
-4.008355
-3.970383
-3.914393
-3.909519
-3.757382
-3.747933
-3.828517
-3.716182
-3.752868
-3.649325
-3.654508
-3.743661
-3.680939
-3.568917
-3.504519
-3.593460
-3.568142
-3.558183
-3.529860
-3.515697
-3.424846
-3.296145
-3.441565
-3.217306
-3.092907
-3.015365
-3.016698
-2.920206
-2.801769
-2.867546
-2.820950
-2.929118
-2.792784
-2.848931
-2.692550
-2.656014
-2.459432
-2.367815
-2.358413
-2.378044
-2.335886
-2.283307
-2.230233
-2.371931
-2.339498
-2.279480
-2.149671
-2.189490
-2.157529
-2.055626
-1.883457
-1.784186
-1.744914
-1.792815
-1.868080
-1.853444
-1.915986
-1.747373
-1.743335
-1.733626
-1.634969
-1.814005
-1.864728
-1.748850
-1.723998
-1.674602
-1.721682
-1.780576
-1.693895
-1.713385
-1.620472
-1.204204
-1.330721
-1.245316
-1.241696
-1.184211
-1.246184
-1.340670
-1.223957
-1.290039
-1.350798
-1.162884
-1.209318
-1.087538
-1.089568
-1.120529
-1.051657
-0.859410
-0.746145
-0.604299
-0.481676
-0.522283
-0.361988
-0.259904
-0.276164
-0.193402
-0.197678
-0.070040
-0.054504
0.108580
0.106661
0.197488
0.195950
0.313852
0.389355
0.563730
0.535205
0.674393
0.731614
0.788965
0.895115
0.953537
1.095468
1.019434
1.022477
0.986759
1.078063
1.100460
1.152801
1.093059
1.250669
1.353390
1.119331
1.110197
1.115603
1.125810
1.397168
1.437573
1.396610
1.365576
1.297705
1.467339
1.658241
1.670390
1.779741
1.930489
2.006240
1.902922
1.984161
1.986869
1.958154
2.016473
2.234018
2.217799
2.303799
2.325850
2.420898
2.607238
2.677952
2.694091
2.852924
3.055248
3.115139
3.143559
3.225517
3.366173
3.498425
3.556166
3.736318
3.644718
3.652616
3.606768
3.671768
3.815102
3.870410
3.864859
3.888011
3.987805
4.070929
4.147144
4.066896
4.190591
4.219162
4.246148
4.295459
4.520516
4.441634
4.595798
4.738903
4.658642
4.649971
4.687300
4.719196
4.779088
4.836121
4.922075
4.816609
4.859593
5.158526
5.558123
5.623692
5.794819
5.941654
6.047007
6.183583
6.290395
6.262548
6.359536
6.348040
6.428512
6.645040
6.674833
6.679491
6.752882
6.788026
6.944821
7.064267
7.199774
7.169185
7.330263
7.470115
7.573120
7.637423
7.658570
7.781670
7.788985
8.009932
8.282745
8.291676
8.313155
8.440476
8.486862
8.487686
8.507961
8.535722
8.719424
8.815823
8.899566
8.917638
8.959297
9.180048
9.220185
9.203205
9.251839
9.269198
9.259157
9.346297
9.557182
9.707336
9.738512
9.801748
9.863222
9.951135
10.002656
10.028560
10.116729
10.249159
10.364544
10.559732
10.605233
10.551398
10.511218
10.425760
10.444042
10.422880
10.411437
10.551762
10.534718
10.579253
10.616578
10.706878
10.999381
11.161752
11.366716
11.439615
11.369690
11.573689
11.591884
11.714336
11.728413
11.764318
11.850371
11.966700
11.950592
11.892264
11.933183
12.202513
12.325676
12.446205
12.566537
12.581931
12.796839
12.821571
12.966931
13.295073
13.385601
13.389437
13.475595
13.383589
13.376436
13.521595
13.581818
13.730851
13.788637
13.816924
13.893539
13.967953
14.040850
14.048301
14.110060
14.123416
14.219524
14.378574
14.442183
14.821475
14.925974
14.954881
15.232759
15.207250
15.254654
15.381983
15.441853
15.395176
15.533805
15.548133
15.614247
15.647429
15.664381
15.705000
15.725133
15.883197
15.936891
15.941224
15.874250
16.023649
16.206432
16.377699
16.470632
16.569852
16.709877
16.814294
16.869818
16.855901
16.809828
16.863863
16.948181
16.887783
16.864238
16.903453
17.535072
17.590679
17.537136
17.543419
17.674140
18.301976
18.323956
18.420878
18.283190
18.322150
18.308971
18.288031
18.211707
18.194270
18.423510
18.563590
18.617602
18.619854
18.651461
18.797697
18.871174
18.967335
18.950644
18.992764
19.051030
19.128546
19.096693
19.193741
19.272530
19.256552
19.243060
19.369656
19.406626
19.477361
19.422812
19.411464
19.379668
19.271179
19.229746
19.262155
19.315217
19.407518
19.378284
19.412375
19.360546
19.316770
19.280448
19.337915
19.434551
19.420895
19.367305
19.379439
19.407099
19.436361
19.498452
19.561542
19.579536
19.535751
19.516861
19.552475
19.529828
19.546474
19.617403
19.657567
19.593158
19.555197
19.620683
19.640394
19.697681
19.789228
19.830264
19.735789
19.897593
19.828096
19.760655
19.832454
19.882095
20.028518
19.923144
19.867690
19.841288
20.121460
20.123422
20.189507
20.312518
20.250681
20.260986
20.376807
20.297829
20.243643
20.256466
20.339274
20.292619
20.386305
20.432656
20.437602
20.436672
20.483330
20.475562
20.584671
20.628537
20.634607
20.697692
20.703169
20.771249
20.754174
20.852814
20.914398
20.910020
21.057084
21.015610
20.987166
21.008434
21.100998
21.113619
21.152189
21.056020
20.998699
21.104489
21.078919
21.375241
21.413095
21.442977
21.482027
21.377906
21.435407
21.446338
21.643426
21.703547
21.775845
21.678188
21.775204
21.700094
21.798101
21.798163
21.710403
21.736875
21.953599
21.971306
22.087184
22.023469
21.966234
21.959700
21.917146
21.991876
21.972328
22.071983
22.076309
22.263741
22.253199
22.274671
22.304590
22.391518
22.369301
22.498299
22.684798
22.656733
22.647438
22.619980
22.718150
22.955850
22.902331
22.797231
22.854860
22.892076
22.942561
23.051704
22.950632
22.949647
23.048009
23.081231
22.941855
23.173832
23.277314
23.240905
23.225110
23.338672
23.276401
23.228533
23.201036
23.279361
23.303354
23.271013
23.322001
23.279051
23.418684
23.383113
23.406910
23.357867
23.285077
23.393726
23.520718
23.733842
24.012631
23.971891
23.864682
23.853386
23.798433
23.770687
23.913007
23.807236
23.918592
24.053147
23.939920
23.857748
24.085210
24.059565
23.998747
24.147500
24.181169
24.117785
24.221843
24.170931
24.302582
24.218913
24.134173
24.048867
24.155557
24.063192
23.984060
23.892096
23.923040
23.943922
23.923860
23.950226
24.060959
24.056683
23.985487
23.939751
23.816951
23.724379
23.610874
23.569586
23.582429
23.987011
24.035406
24.100709
24.159835
24.117826
24.320536
24.505934
24.544115
24.505631
24.588222
24.679949
24.656746
24.772162
24.779643
24.651831
24.641250
24.519756
24.852002
24.804690
24.657900
24.547782
24.547000
24.527719
24.428560
24.443816
24.423910
24.403697
24.383590
24.347038
24.392201
24.471293
24.980301
25.207589
25.165262
25.253328
25.229892
25.134736
25.046388
25.100737
25.175583
25.448022
25.401187
25.384287
25.372634
25.394567
25.340692
25.343698
25.317465
25.257696
25.310422
25.222641
25.239030
25.182603
25.270582
25.203993
25.156761
25.150054
25.240944
25.182757
25.106841
25.070890
25.086212
25.258850
25.209122
25.340128
25.463061
25.545431
25.453000
25.304149
25.456751
25.428806
25.573943
25.476976
25.496668
26.317607
26.554924
26.413539
26.683019
26.845619
26.830717
26.795858
27.122335
27.121652
26.995658
26.888838
27.381888
27.258010
27.546824
27.464492
27.440307
27.431378
27.287755
27.426673
27.342538
27.375537
27.324917
27.427856
27.398041
27.491306
27.429738
27.293127
27.373566
27.314631
27.491189
27.328339
27.271754
27.143523
27.237547
27.133256
27.233887
27.139196
27.109960
27.107990
27.195632
27.186046
27.215670
27.112235
27.043791
27.079281
27.020110
27.142194
27.261003
27.133919
27.118265
27.239823
27.250576
27.124820
27.081708
27.024237
27.119842
27.100954
27.011278
27.295845
27.333507
27.414550
27.571054
27.519574
27.498838
27.598163
27.438405
27.493402
27.403218
27.481707
27.367590
27.501668
27.575736
27.481645
27.651157
27.608268
27.463723
27.565383
27.567420
27.763584
27.708935
27.639467
27.552715
27.574626
27.613773
27.488349
27.520543
27.498634
27.587347
27.548124
27.570182
27.508593
27.421791
27.349788
27.221679
27.360693
27.408029
27.320949
27.489812
27.644921
27.805114
27.813822
27.657123
27.648923
27.652897
27.751392
27.846552
28.091613
28.152531
28.198901
28.419912
28.660449
28.633289
28.663258
28.714256
28.567473
28.574752
28.677940
29.258576
29.188418
29.033091
29.090423
28.976746
28.802409
28.677822
28.886683
29.252426
29.360155
29.346370
29.509837
29.386520
29.325767
29.190731
29.304978
29.123997
29.697368
29.630307
29.617456
29.587416
29.667913
29.825685
29.695654
29.638436
29.621271
29.893396
30.103533
29.971779
30.031068
29.953292
29.781002
29.763221
30.118037
30.215811
30.939178
31.046625
31.044655
31.103366
31.008780
31.209470
31.286314
31.417482
31.420364
31.373358
31.284205
31.373968
31.546560
31.771927
31.640677
31.674411
31.737371
31.730260
31.595696
31.474648
31.434568
31.512976
31.463287
31.333352
31.255477
31.097819
31.224571
31.163023
31.050933
31.009700
30.829762
30.974784
31.033302
30.966375
31.091135
30.926685
31.005491
31.090199
31.183978
31.088039
31.155394
30.978725
30.907325
30.842386
30.785308
31.097526
31.171120
31.392576
31.278459
31.338089
31.386287
31.353258
31.289647
31.099905
31.124183
31.198435
31.137082
30.960433
30.857518
30.746362
30.699898
30.929815
31.005956
31.172760
31.298731
31.338695
32.278999
33.072649
33.006319
32.869340
32.897035
32.824600
32.750800
32.852334
32.866367
32.753561
32.749578
32.908673
33.019942
33.000422
32.790499
32.776421
33.415906
33.617171
33.509466
33.478735
33.361130
33.489880
33.438672
33.555423
33.692010
34.088314
33.866653
33.745083
33.931456
34.017593
33.900755
33.979248
33.964130
33.904034
33.841525
33.866269
33.790748
33.781304
33.841229
34.721227
34.531250
34.569511
34.793347
34.801067
34.650903
34.708455
34.903370
34.845927
34.614878
34.476857
34.444881
34.995197
34.992045
34.849403
34.735921
34.758081
34.791692
34.735927
34.917495
34.709758
35.389439
35.628403
35.708305
35.546241
35.478317
35.288684
35.259481
35.268921
35.354163
35.353770
35.366505
35.441260
35.367675
35.326559
35.333747
35.228525
35.649579
35.548542
35.755454
35.762407
35.691745
35.821352
36.177966
36.090444
36.296022
36.267761
36.414885
36.293974
36.308306
36.289692
36.102698
35.914892
35.792571
35.771620
36.001377
36.006922
36.304139
36.428398
36.246439
36.447975
36.485410
36.785847
36.788704
36.813603
36.690500
36.633648
36.543793
36.376614
36.338653
36.308822
36.624009
36.783136
36.607463
36.818871
36.949529
36.835272
37.158216
37.161191
37.404700
37.313351
37.433132
37.264663
37.095295
37.019245
36.896775
36.797766
37.208521
37.373443
37.303446
37.342084
37.140142
37.031191
36.995861
37.147665
37.065188
37.038238
37.014932
36.822900
36.715580
36.600997
36.463597
36.900727
36.902468
37.000514
36.896636
36.959039
36.887912
36.934590
37.112622
36.882302
36.894569
37.141783
37.293441
37.132852
37.254744
37.372228
37.284637
38.127713
38.007570
37.997397
38.388453
38.449230
38.570607
38.385904
38.482924
39.017219
38.967331
38.936211
38.856814
39.002950
38.946718
38.837396
38.785182
39.129023
39.250808
39.120832
39.141800
39.623411
39.742353
39.597240
39.663109
39.907846
39.842220
39.871017
40.482994
40.511733
40.548508
40.430758
40.487961
41.769726
41.717814
41.564168
41.952648
41.845632
42.052431
42.024000
42.065783
41.974831
42.003929
42.559751
43.262859
43.427180
43.387021
43.334065
43.395409
43.501160
43.768309
44.325989
44.290934
44.482524
44.204699
44.219586
43.958290
43.793544
44.047000
44.248627
44.208815
44.835547
44.563205
44.349599
44.372329
44.455089
44.468824
44.436421
44.339302
44.416095
44.431139
44.272925
45.600583
45.567812
46.219544
46.206138
46.198689
47.498621
47.340677
47.152074
47.292932
47.128462
47.750808
47.642825
47.575366
47.601415
47.564298
47.311117
47.798610
48.401368
48.468141
48.592933
48.627712
49.436261
49.467997
49.597636
49.456676
49.523173
49.952180
50.206325
50.108907
49.964576
49.922161
49.833430
50.024245
49.958524
49.956989
50.027245
50.026092
49.831378
49.766802
49.743553
49.733215
49.593271
49.476365
49.996308
50.115217
52.104784
52.066525
51.902237
51.941168
51.833328
51.648822
52.653914
52.518582
52.439967
52.347138
52.240738
52.119966
52.095155
51.953266
51.732126
51.554778
51.331077
51.298155
51.519834
52.335155
52.120470
52.014331
51.838398
51.822635
51.842703
51.749471
51.687115
52.321264
53.055757
53.028822
54.696287
54.576714
54.819293
54.510103
55.077593
55.156068
55.026507
55.819639
55.751140
55.373744
55.278079
55.446335
55.374913
55.258831
54.951492
55.487106
55.333470
55.626258
55.313110
56.026029
55.993412
55.895106
55.497443
55.775422
55.774565
55.715747
56.309438
58.205889
57.968347
57.765594
57.701727
57.499126
57.311165
58.047375
57.939553
57.777456
58.891698
59.168082
60.536939
62.819828
63.466734
64.093284
63.919592
65.657793
66.120696
66.703593
66.415305
66.018652
65.690920
65.389920
66.082368
68.944686
70.659213
71.054412
70.585905
70.207321
69.960223
69.640695
70.027344
70.241161
70.245001
70.210777
70.052755
69.822539
69.529585
69.367981
69.207532
68.942524
68.768945
68.581098
68.218988
68.852588
68.638113
68.313516
69.471149
69.206463
68.646101
68.520871
68.896360
68.803730
68.651406
68.899225
68.744400
68.468907
68.623331
70.994842
70.757871
70.927713
70.640351
70.301094
70.617241
71.635619
71.309156
71.052078
70.868888
70.691270
70.520948
70.332479
70.114519
71.286244
71.558581
71.856437
71.639618
72.931031
72.804502
73.954943
73.632512
74.803221
74.957568
74.741469
75.003101
74.709368
74.207722
73.893224
73.601884
73.487078
73.178377
72.810452
72.723062
72.921754
72.474886
72.211137
72.551117
72.360031
72.516565
72.247466
72.107899
71.877075
73.291834
74.931552
75.080371
76.068326
75.785887
75.511683
74.964958
74.638865
74.448707
74.809438
75.054332
74.697691
74.364910
75.894463
77.692166
77.461633
77.178531
76.857421
78.056597
77.889220
77.643225
77.324954
77.009117
77.580329
81.596619
81.337301
82.008723
81.729654
81.322620
81.045180
80.699497
80.470473
80.098092
80.260476
81.907871
82.290639
81.944966
81.582183
81.446181
81.026883
80.456239
80.781248
80.438300
82.366308
81.969753
81.497341
81.475832
83.288669
82.990219
82.595546
82.191184
81.808544
81.869225
81.612540
81.619597
82.176085
81.817264
81.518933
81.155973
80.834685
80.803196
82.443535
81.964945
81.575039
81.684453
81.553699
81.162538
80.816395
81.070315
80.737320
80.476811
79.996760
80.302962
80.187954
81.429729
82.767530
82.340274
82.263107
82.525760
82.042692
81.598165
81.241458
80.740742
80.782834
81.500420
81.094714
81.134044
80.803427
80.433375
81.307364
81.009965
81.300172
80.718211
82.488290
82.175316
81.817489
82.978091
84.868224
84.497995
84.313048
84.101444
83.637858
83.277945
82.981208
82.490936
82.146093
83.711571
83.243508
83.999975
83.627870
85.345560
87.996445
89.626363
89.279885
88.977013
88.849588
88.418530
88.017806
87.554963
87.339556
87.010038
86.726250
86.396704
86.778855
86.437773
86.530077
86.482017
86.601900
88.796260
88.442946
88.207081
87.771480
87.552445
87.608689
87.274822
86.873892
86.526971
86.144577
87.154876
86.790259
87.061318
86.735704
86.403347
86.239689
86.012035
87.610289
87.192360
89.004678
88.549523
88.191314
88.411345
87.894561
87.325970
87.507021
87.112106
86.505005
86.079356
85.743874
85.208711
84.942219
84.548508
86.869191
86.537243
86.100785
85.768453
85.364768
85.401465
85.020888
84.582844
84.236256
84.014645
84.271643
83.993127
83.861143
85.377637
85.168253
85.055676
85.272286
84.880294
85.842491
85.629761
87.855970
87.660791
87.373569
86.999263
87.460271
87.088875
86.631217
88.138160
87.875173
87.506757
86.898911
86.927524
88.718668
88.498680
88.069223
87.729451
87.423477
86.988179
86.494613
86.173585
85.793525
85.359505
85.658079
85.339142
85.543304
85.139324
85.265009
85.400944
85.611506
85.093468
84.661858
85.849588
85.561728
85.157356
86.233090
85.776991
86.244509
88.949475
89.119830
88.828352
90.659861
90.191213
89.839778
89.334004
89.572849
89.188962
89.214975
88.741740
88.165011
87.760293
88.568922
88.252881
90.526019
90.103798
89.644005
90.828413
91.925865
91.492365
91.615825
94.642764
94.002959
96.408160
96.026086
97.347241
98.099180
98.331622
98.641378
99.958144
99.526546
101.452686
101.639717
101.217619
101.358109
101.435315
100.865287
102.278485
102.343234
104.741302
104.140446
103.842190
103.390477
103.294618
102.737136
105.322613
104.697568
104.569528
104.020292
105.395383
104.827114
104.259565
103.854195
104.005234
106.112884
107.643460
107.696664
108.831621
108.822663
110.665740
112.365100
111.622487
110.990603
110.509617
110.269521
110.258245
109.630258
109.121873
108.514955
108.007725
108.688762
108.084160
109.035667
108.379453
107.879883
107.282107
106.823205
106.251114
109.877688
112.350806
111.622403
111.869799
112.992405
112.317947
112.364485
112.167419
114.250387
114.087940
116.796366
117.498208
116.828147
116.136729
115.868799
115.459782
114.813205
114.107534
113.477465
113.801235
113.735572
113.037901
112.510345
114.936228
116.777309
116.483631
116.471199
115.685567
115.028142
114.964534
114.284109
113.533437
113.477640
113.649413
115.045716
114.240942
113.708422
113.679633
114.926495
114.915665
115.842199
115.546790
114.876623
114.253669
115.373918
115.191085
114.540539
114.443576
115.593307
114.785246
115.561484
115.488137
115.209361
114.571917
113.910911
115.702750
116.815358
116.229968
115.594128
117.354595
117.327511
119.151734
121.457236
120.712871
121.960669
123.597915
122.779097
122.044558
121.265281
120.542903
121.594752
123.090804
125.886185
125.070880
125.053865
124.314067
126.524131
127.923036
127.851550
127.662794
130.385392
129.806848
131.312154
130.895238
131.343153
130.333678
129.474284
128.671567
127.881136
128.821917
129.761344
128.950423
129.972759
129.192755
130.564056
130.152806
132.234338
133.075694
132.220178
133.093959
133.136076
137.946049
137.001255
137.989350
137.032652
138.137920
139.610430
138.740245
137.809738
139.982435
139.098944
138.186229
137.191531
139.304431
140.336613
140.069681
140.623445
140.382791
140.388580
140.129607
139.353813
138.826299
138.541275
137.639561
137.420219
137.994755
137.679933
136.877343
136.470038
135.527456
134.698189
135.867839
134.970053
134.041267
135.060004
134.743654
133.876224
134.186374
135.907826
135.141149
136.616912
136.927938
138.258901
137.349019
138.528455
141.685314
141.581166
141.066355
140.181328
146.154810
146.964295
146.011618
145.090363
144.140425
146.582326
145.687093
144.609405
143.702923
143.582360
145.229905
149.028272
148.209578
152.118842
151.100064
150.088515
149.927448
149.688227
148.594590
150.046127
151.289788
151.647064
153.090243
153.842313
155.846504
155.475403
157.201181
159.030214
157.950276
158.887149
157.840040
157.134019
155.939274
156.372133
157.000121
155.928905
156.627527
155.526691
154.354553
153.924469
152.849322
155.003980
153.979206
153.691354
153.033352
155.037364
157.750834
161.426271
160.321827
163.855364
166.636645
166.213895
166.283250
169.635628
170.584256
169.350874
173.503056
174.559399
173.619067
172.950232
175.316730
174.662165
175.046312
175.288782
174.562736
176.768179
176.218282
174.822438
173.518213
173.999647
173.234155
171.986383
175.248383
174.125130
173.456879
175.252127
175.928444
175.090446
174.763453
177.199202
178.146125
179.611488
178.201929
176.629821
175.433204
176.664028
175.386912
174.000013
173.996894
174.467863
173.708323
175.027695
173.697664
175.644948
176.203915
174.777749
178.482986
179.555310
180.023170
178.864892
177.556747
179.757655
179.023552
178.427410
177.131444
177.072866
176.469165
175.099888
173.863582
173.794911
173.113840
172.332035
175.547810
176.984764
179.999296
180.863888
181.897438
182.470984
181.098012
181.312240
183.994767
185.032163
183.740522
183.075326
181.718908
180.287893
180.634304
179.174741
179.810774
183.389968
183.839034
182.350718
183.933145
183.091946
181.664310
180.204056
180.927973
182.121285
183.188633
181.765308
181.775279
182.426585
181.724033
181.882807
184.926592
185.547185
185.789748
184.373498
184.315859
183.628447
182.236065
180.888866
180.061092
179.830603
182.056573
181.057056
179.980026
179.121190
179.455906
180.093111
181.038676
180.327052
181.738415
184.405297
183.694154
184.146232
184.126017
182.734495
182.731809
181.934785
181.793363
180.413121
180.358682
179.554377
179.707809
178.310015
177.723070
176.347652
178.038723
177.320933
176.937796
175.785277
175.812070
174.594235
176.201536
177.189657
183.725761
186.605020
185.885712
185.516347
184.854006
185.478503
184.168402
182.738725
185.320895
185.633013
186.827506
185.469908
184.684324
188.012369
189.251106
190.831080
191.308711
192.642296
194.359083
193.787734
192.334523
191.396220
190.042154
188.678069
188.054371
187.511189
186.190572
188.106177
194.987115
196.279492
197.618763
204.351575
203.151170
205.544899
204.129450
205.044410
206.856484
209.617507
215.902332
217.046686
215.273482
220.226667
222.542281
224.017805
228.836584
227.504173
226.041213
228.740580
227.908961
227.939062
228.868831
226.968091
229.726150
228.320000
230.459587
231.459450
232.869284
237.749121
244.011630
243.775582
242.410734
242.215016
241.844176
242.665124
243.109404
248.987310
249.143320
247.190118
245.874972
245.667256
244.094395
242.187304
241.294218
241.956572
244.442859
246.893921
245.294813
245.689248
245.012627
245.603775
243.692358
243.834305
244.437569
243.027450
249.075176
247.382363
252.182840
254.822711
252.848414
252.318560
252.681953
252.918509
253.466806
251.327967
257.093687
257.231803
258.424947
260.333970
264.717036
263.772672
263.089802
261.414078
262.363828
262.672224
261.098656
261.442403
261.681162
261.556099
261.322887
259.942865
258.289377
258.363303
258.340588
260.327571
258.830173
257.705134
256.013580
261.918445
259.990948
258.008039
257.233540
254.989132
254.881288
253.599962
255.578963
255.440929
253.273853
259.249114
259.786873
260.123033
258.767190
258.663887
256.578468
256.403336
255.986787
258.455316
259.568651
262.025297
263.157101
261.954516
260.590810
258.552168
258.171109
256.703969
257.764817
256.575894
254.509297
260.465204
260.411447
262.024871
259.960007
258.038570
262.950548
263.497425
264.761093
262.911908
268.970789
267.760906
273.677297
275.119842
275.747122
276.054390
276.299850
277.371166
279.174689
277.709057
275.925828
274.860526
273.115465
275.373807
281.018068
282.188801
283.916323
288.371620
292.938844
290.572463
288.088148
287.618838
293.370650
292.636240
291.970735
291.406811
289.891130
287.460286
285.977157
286.724931
289.981483
287.615642
293.317486
293.714361
295.537865
300.072000
300.467155
297.870267
298.861816
296.434983
294.732300
298.498071
296.462701
294.551591
300.316076
300.046197
301.438819
300.097090
298.142874
303.946445
309.589981
309.373359
309.714296
307.022634
304.367414
301.866152
302.689602
308.070706
306.079181
311.777389
310.575717
314.738271
314.198391
312.018392
317.658208
323.394626
321.845851
321.339574
326.882178
332.542356
338.218933
343.724743
345.897320
342.876247
348.225484
349.083914
349.712793
348.030498
351.803752
356.809715
357.503070
362.670039
363.800489
361.148607
366.312121
365.002246
364.015193
364.407505
364.901061
361.763490
358.642994
357.927678
357.417757
360.780288
361.146096
362.231635
364.054950
363.310401
360.164274
360.006904
360.912140
362.551394
359.348128
360.284554
365.472708
363.641291
368.721878
365.390804
368.459539
367.098460
370.369962
375.307263
377.126057
379.225705
382.777417
383.741882
382.482135
383.074509
382.991914
387.688995
389.949001
390.844694
389.474046
394.125306
393.734876
392.905831
391.189528
396.358633
393.898081
398.572100
395.215568
393.841732
392.320088
397.236887
402.202518
401.718243
401.087632
399.885125
398.945921
403.705462
408.283408
407.936713
412.448346
416.869863
415.073389
419.823655
419.305628
424.106571
420.522293
420.394165
420.591315
422.464533
421.072937
421.434193
426.330851
427.238622
425.376048
424.490731
423.255210
420.224449
419.773477
423.032922
419.376865
418.054167
420.318952
417.789301
414.016254
411.015532
410.562138
407.726533
404.138450
408.914065
405.920607
410.731401
410.482087
407.558421
405.298493
404.964057
403.644508
408.703063
413.635033
415.263569
411.637205
409.899444
409.829883
409.831331
410.827943
415.478664
420.179877
419.070657
418.182476
414.284801
412.723429
410.440771
409.158559
407.956888
405.213996
407.069546
406.990082
409.136565
412.599902
411.826550
412.465152
409.620500
414.545295
415.120735
415.941409
416.607755
421.439677
426.215281
422.431110
420.302187
421.277052
423.416536
428.193371
424.825679
422.558939
421.581451
422.078903
418.317288
418.898462
415.708835
412.770821
411.997141
408.314374
405.419375
410.228181
407.382536
409.376207
405.743587
402.232793
404.217235
407.319860
405.292426
402.312081
400.528880
405.202592
402.060214
398.528841
402.177726
398.603594
397.718456
402.727271
404.115822
403.120428
400.394855
396.726000
397.365656
397.479726
395.144030
394.476791
392.016025
392.798123
393.301083
396.943836
399.399376
398.895545
403.717590
408.698414
408.423511
413.237276
415.517696
412.391994
417.395074
417.639287
413.910404
412.695893
417.456934
416.650698
418.779309
417.309888
413.718390
414.635349
414.204799
419.050751
416.095493
418.334259
422.892917
423.431712
428.241395
426.808287
427.176761
423.674378
424.174180
429.049438
427.217049
431.858878
436.566290
433.063422
433.347204
433.392909
432.288601
428.799109
433.642118
438.214697
436.206953
435.674567
432.436379
428.558916
433.264326
429.814503
425.998047
428.799270
431.172309
428.214313
426.022200
426.381376
430.959563
430.935114
430.005710
433.088058
431.261561
435.820945
440.203736
444.799698
446.781237
445.303835
445.451746
445.504040
443.404366
441.006249
444.123711
443.991817
440.910332
439.278612
443.748825
448.182337
446.980606
443.441741
439.251949
438.891430
439.059261
443.853669
448.321132
449.359156
453.853565
450.240439
447.184683
451.740837
450.061650
446.557157
449.632404
447.654968
445.191146
441.314117
445.953976
444.175686
440.000226
441.656483
439.361347
444.066734
448.746066
450.059140
454.804548
458.346373
460.172604
457.572481
456.760748
453.261437
455.175299
452.648803
453.284250
457.989407
461.471252
465.894539
466.771575
462.874805
463.303824
463.204470
466.378369
464.628152
462.937234
462.132745
460.387771
458.805527
458.178061
455.875122
453.511470
457.928355
459.608529
458.382110
454.901167
455.254088
455.311518
451.566138
447.231865
444.675901
442.657531
440.956357
440.251327
440.865252
441.132549
441.621051
446.117841
450.861662
452.217905
448.998908
447.834394
445.861633
447.342280
444.003966
445.818565
445.222052
447.960395
447.325284
443.516839
443.156151
441.125372
445.842119
442.736613
447.350247
448.014401
452.551257
452.456307
450.596112
451.332427
451.911816
450.983324
451.150408
452.357349
451.049559
447.122202
445.697563
445.181641
441.330068
440.159016
441.459753
439.966932
438.090075
438.750636
435.680920
435.328167
437.395431
434.769254
439.693561
439.362794
444.245166
443.587660
442.409797
439.933687
436.021281
432.014310
428.987474
428.247573
427.114771
425.622146
422.146269
420.619994
425.664794
424.392178
420.438626
425.284240
427.219906
423.499992
420.570977
418.711373
420.865011
417.146361
422.155898
423.606045
422.512734
420.941853
425.948434
422.752119
420.458964
417.058328
416.714509
418.988166
424.132284
420.945295
419.297682
416.096828
416.171860
415.461571
