-0.225623
-13.892929
-19.185185
-18.971429
-10.237726
-24.536093
-17.727645
9.820243
-11.985906
13.044094
-15.389940
-8.272222
-15.368519
-23.368852
-24.199827
-0.239114
-19.405732
-15.410450
6.764808
-22.208065
-9.041577
-23.683871
3.609770
-26.725610
-24.682822
7.209091
-6.121053
10.582063
-12.458065
-18.425749
5.212587
-16.363559
-2.452996
-15.371053
-19.762264
-16.107554
-6.060368
-6.471648
-9.173427
-18.032822
-10.638199
-7.698315
-15.107042
-7.957018
-5.531183
14.923841
-1.432192
-8.934940
14.646980
-13.604054
-10.929923
-16.941318
-10.357018
-13.229747
-2.247368
-19.973006
2.918868
-18.952950
-0.091791
7.545276
-14.868182
7.899442
-8.086207
1.921429
1.227778
1.800000
-16.452589
-9.847541
-20.813559
-15.446091
10.489877
-2.360432
-2.874497
-1.521429
4.825000
6.350000
-15.753420
-19.604698
-8.139683
-1.281646
16.729658
-10.957018
12.737037
-10.038835
-0.211111
1.628571
-3.426923
11.304152
-2.812460
-11.806338
7.404950
-7.384743
6.601383
-4.167610
-12.569822
2.528571
7.521285
2.870849
-12.398625
-1.061679
-2.572222
-0.725884
-2.113559
5.569380
9.445324
-17.838199
18.984387
9.222535
4.661290
-3.148625
6.632432
8.923529
-9.379439
1.792063
-13.637726
10.704240
-8.407534
12.789189
0.961111
17.002166
6.702290
-1.427645
-4.321478
1.837705
2.921986
3.024138
-16.400000
0.871318
3.662274
10.701449
-6.131579
1.006601
8.032836
15.161224
8.043689
2.142982
-6.535052
-9.319279
-0.404478
-8.107692
14.945390
-1.343633
-0.772378
8.132008
-19.538545
-6.886334
9.723077
0.736424
3.215517
-6.382558
-7.611111
6.887582
-3.642929
7.577966
40.006299
-13.855891
7.209770
-0.883333
4.506767
-7.381525
-10.694704
10.330627
-7.832192
-7.365886
17.440559
-5.806338
10.968702
-1.290523
-4.185640
5.766667
18.173077
10.467033
13.438488
11.657962
-4.542308
15.507143
9.846392
-1.885816
8.000000
-0.621053
12.566129
1.483566
16.253957
-0.083333
9.189369
0.043651
11.986207
7.864094
17.826860
-2.288762
14.453957
6.396580
6.466667
11.403960
6.737288
15.146644
-6.507937
1.323770
-2.549369
10.117241
3.317742
6.334588
-4.821429
16.854054
11.522807
-22.052542
0.205941
1.650760
2.136364
28.261566
5.437705
-2.658730
-1.706849
-5.421478
18.261049
20.557591
2.873077
12.605556
16.854545
9.505611
-8.325637
10.026829
2.254947
-0.884615
7.790067
23.770992
0.612080
10.817808
4.508940
11.830619
21.054930
9.678571
4.291935
18.577358
23.085366
9.044262
5.957143
11.339394
17.291077
16.591391
9.272535
21.571378
-5.423729
4.434588
-0.932192
10.106767
18.005118
9.345946
3.315257
6.180070
13.867442
12.300187
11.692446
-3.877645
16.436364
7.047712
6.917808
9.177211
26.801107
-3.367647
19.858081
18.906250
-3.287179
3.791558
8.382818
7.876923
10.708389
10.482353
13.431579
-5.624497
9.114948
34.752941
45.118182
12.115060
22.736411
20.478261
16.476978
19.704620
16.864808
3.505670
15.961290
5.209935
14.395324
28.081250
9.624390
7.140580
14.018644
10.267241
22.467559
18.889369
20.614948
4.140964
23.276923
21.315517
17.770588
14.003406
9.752166
19.968493
8.513166
29.883688
35.291241
9.175862
10.439568
21.045324
13.078981
8.569301
10.515152
11.284114
26.905882
18.359386
17.190067
10.706780
13.083566
31.034387
13.193689
7.522222
14.066667
10.987719
8.265060
17.973186
30.434775
24.572535
12.825000
16.062069
15.949129
18.654545
15.103279
12.593082
18.845390
23.359712
21.787736
29.883333
15.109816
5.221769
6.533333
1.965480
12.253909
8.327835
9.278571
24.443945
8.847411
14.988136
14.311765
19.646575
39.957266
27.236424
31.658209
18.656604
4.447050
31.769580
13.393248
23.837102
13.121986
15.318919
20.369580
23.483333
10.355853
6.117808
15.984211
38.866142
24.518817
24.378571
24.479412
14.105923
34.072792
15.269965
27.357591
45.781145
22.347826
13.769231
22.005205
4.275000
12.668354
27.892308
19.543945
28.485106
19.509386
16.617391
21.478405
21.334951
21.257627
14.785987
20.224161
15.445638
23.734211
30.124567
20.739502
52.371318
25.271378
17.816667
42.742756
12.681818
19.947678
27.987500
21.368966
10.774164
29.258081
16.966667
22.159477
18.932432
17.342662
19.726332
17.718254
31.531481
21.252649
16.370175
9.243791
30.814184
34.301961
33.333096
25.671044
26.392607
30.572383
27.151587
22.366667
15.478073
12.248649
22.213345
25.295620
10.908389
14.533333
20.785714
80.065306
23.095775
12.236391
18.165480
30.615517
80.457692
20.500000
28.016129
4.652113
22.179211
17.004225
16.214948
10.655696
16.467913
41.118310
32.431481
23.964789
18.842857
21.780488
33.275084
26.145390
28.487276
17.298305
23.162590
24.819355
26.802649
15.943248
28.801449
27.072727
17.674648
17.907362
31.902685
23.066667
26.480132
14.022491
18.287948
16.231884
8.530769
15.127835
22.470690
24.568345
28.545283
16.484211
22.787288
14.229508
14.982927
15.684588
25.027138
29.001493
18.069014
14.061905
20.580723
22.145390
22.333333
25.645390
25.807463
21.360993
15.201049
17.646755
23.078261
17.287719
21.194444
26.639373
23.633779
13.216667
15.797080
26.103774
21.591815
25.369084
28.852427
23.892771
10.382759
35.916216
12.947887
13.083969
26.940559
24.796608
34.524324
9.491167
14.377778
17.227485
47.858423
20.317687
26.731970
32.490554
14.128814
21.281148
31.843151
12.478947
14.879310
21.525850
28.537349
15.673770
29.661238
25.021378
20.927273
20.344539
25.102459
19.706601
31.386424
24.971242
21.235570
26.943151
21.245390
27.511111
19.063777
30.618211
27.011191
20.476582
35.616438
16.909677
18.171233
23.113907
30.264808
22.363099
24.970701
11.535294
15.323841
31.577778
18.547458
50.711074
25.160701
24.401299
25.347934
11.069971
27.127954
22.528522
41.155118
27.655556
28.933333
12.010127
31.379775
14.264261
31.500738
21.804290
13.022222
24.357627
43.409253
23.724324
33.559073
15.715686
16.300000
21.312752
17.704382
29.390067
20.037113
31.937809
22.504626
40.819466
21.209554
24.400358
25.266667
30.997345
20.169775
35.269173
41.148201
19.878261
21.727273
19.901639
32.436957
46.488095
17.604040
12.392308
28.560073
26.576471
27.940559
33.856940
12.944444
22.852166
32.785852
26.370149
9.143642
46.139623
33.521986
19.636411
21.661455
34.581250
17.111628
18.489606
20.478788
31.033566
25.678595
20.069258
28.369863
19.027027
37.242336
19.861538
25.762821
18.502640
16.078814
34.150000
36.092982
44.833096
51.612676
19.938673
13.251026
22.735065
18.358065
21.023841
38.002703
13.335849
34.942857
37.374074
12.730519
15.722695
46.603974
21.520635
17.977778
38.874074
27.514360
17.842857
34.523529
19.130619
37.336081
15.935689
15.744850
15.603630
34.717808
14.919048
16.150000
14.787719
26.986441
26.011268
21.937705
26.560517
35.023529
23.633333
16.937037
19.411960
11.659752
14.559752
12.373835
19.482090
24.853846
64.040636
28.826582
30.565658
30.013322
19.958885
44.388889
42.860317
28.324074
20.695620
32.764789
33.760886
22.359690
36.198294
25.520253
11.998525
23.593651
12.491908
57.744361
20.120779
10.125668
13.646154
24.469505
22.618919
14.611847
25.954152
22.453191
22.402606
22.393040
20.728405
28.863322
32.301408
75.372097
47.709091
20.974919
33.971841
22.909677
15.714286
16.300000
30.481250
32.585324
52.419478
20.764516
23.711191
24.219048
27.565873
20.007071
25.641275
22.720478
19.340541
30.530303
16.532258
26.861538
19.596350
33.980488
18.611696
20.480866
24.485987
34.239057
19.422222
17.591195
21.511765
26.603114
42.350000
20.285987
38.309770
37.633449
33.700000
16.302310
10.567925
40.564360
22.662284
39.942466
15.877273
27.446167
107.590533
50.049296
12.416456
53.361538
42.943066
25.355352
23.344850
59.443590
27.053957
14.522305
16.313688
76.193769
14.994118
56.139456
19.313605
25.045985
26.547436
13.069014
41.179554
19.013166
30.642424
22.313605
37.618817
24.446358
36.724490
21.334483
13.768639
35.337063
21.480037
44.970418
11.206231
21.669841
14.448649
36.545925
16.808434
37.196416
17.764706
24.215686
26.912903
35.872222
26.237037
30.148428
16.872118
20.267913
30.592771
21.162162
39.228522
39.023077
14.552632
25.568456
39.274074
28.315126
14.675000
22.813605
21.334586
36.584775
25.231034
18.133333
55.467972
31.062082
35.437809
43.064948
22.423077
25.445985
37.431293
11.622408
32.938028
18.475000
35.252166
16.069971
40.775439
34.908429
18.166667
44.432836
23.362264
13.153722
37.629787
27.769048
47.183813
22.298706
20.762162
18.964261
29.743820
31.489251
15.071429
30.707692
25.329664
36.369965
23.665035
29.753909
21.411268
18.828470
20.221429
14.538889
41.123129
32.094268
18.700000
44.207261
43.000738
43.664179
28.675931
12.143974
26.837097
28.046358
37.502326
37.267442
52.352672
34.183333
32.789550
50.300000
52.473585
25.944444
31.630189
33.763063
14.036027
29.295390
38.893548
86.741463
22.242857
13.655623
34.766352
17.722695
11.543020
16.343791
49.563924
65.460976
40.025325
27.981579
45.693151
17.178073
23.311268
15.822118
40.615504
11.206854
86.461111
22.991195
28.345277
26.613433
37.637102
45.445098
16.822591
23.973841
27.921944
56.833813
50.907071
16.928144
35.900631
22.253521
12.724324
28.002875
65.244828
39.895455
102.552511
41.683813
30.849693
36.915658
21.644785
51.077778
38.893939
44.403047
31.705670
26.719811
22.458042
40.260517
48.633121
54.083333
18.646903
35.014094
37.970418
31.026271
18.273835
19.490909
27.466667
39.275325
26.544109
18.469767
23.545872
15.489606
43.773077
25.069811
19.953994
26.927586
13.015942
45.331970
36.826573
24.340541
43.442446
14.646154
38.807261
39.476271
40.468085
21.590141
37.823529
13.488506
23.838710
24.413433
25.134586
62.007042
38.456931
53.316720
19.980866
37.241516
36.157895
28.083333
24.992193
12.315385
33.527760
38.549367
25.063158
13.472131
20.669014
19.741869
26.100000
53.691606
38.543836
47.686411
43.769799
35.295205
125.369055
111.644007
26.439632
19.308475
35.638806
25.653521
25.444578
42.904240
34.255670
21.585689
32.355281
48.659073
44.035593
31.067949
12.008163
31.382699
96.724911
53.542322
22.846715
30.436364
21.718251
46.236081
28.369136
45.113768
47.214094
73.322449
11.922222
21.709665
52.382353
42.545183
22.333784
41.750000
32.467442
27.954545
27.653184
36.315873
26.314176
32.846358
39.773770
121.841078
15.723473
38.357430
56.953047
35.565385
19.784650
40.406061
54.200000
29.159091
11.741026
20.812752
31.279310
89.476471
34.679935
20.727835
23.501274
36.951852
38.119244
29.215152
52.892715
14.143791
102.677922
59.285813
43.618567
19.501887
28.753846
16.515094
32.368354
36.203468
43.793082
35.314948
36.627211
42.842058
28.082699
31.256061
36.045390
24.811538
77.333962
25.545890
56.239726
36.450760
28.696167
48.652459
71.482781
27.425692
56.648322
33.469863
50.980165
24.323841
37.727138
34.446945
17.590244
17.322118
23.682759
33.697468
58.747368
36.555882
65.728571
48.730070
18.232530
56.400000
40.191483
66.529078
37.071598
39.278571
24.503300
31.005281
27.648148
19.825926
32.580488
33.355556
67.827586
52.536691
19.215789
57.748322
49.884588
25.523841
69.129730
37.455696
61.512088
28.269811
49.291483
20.586207
20.327835
29.490323
24.772222
26.995890
77.873228
53.700738
30.373770
41.167241
17.147887
26.245045
33.498148
52.176271
28.900000
34.370149
34.707627
17.811765
26.090909
25.257249
22.860993
80.176580
37.074841
46.707071
26.612752
43.136909
29.846358
41.555670
54.737838
14.080645
38.108940
61.616038
52.307576
21.234483
49.322085
49.003150
28.613099
121.592208
26.113433
36.990323
77.102985
44.466129
50.586957
20.100334
48.087809
91.912452
34.028395
35.855414
30.996512
53.470370
33.379755
28.014465
33.616077
73.169231
51.307591
26.253184
41.217568
87.302985
51.517559
25.231034
46.184211
64.136735
33.345255
42.721986
101.068634
43.356940
44.189189
28.773540
46.151079
168.664419
36.578571
26.353191
80.412121
31.251049
62.525564
39.209386
46.202290
32.970588
44.884588
97.586170
112.870504
59.694969
39.411238
38.091489
49.468421
53.970492
70.216117
99.536254
40.820478
63.450000
16.700000
45.693431
18.089968
27.483660
69.139216
64.209677
40.267442
106.882014
17.601342
23.202606
46.622535
52.648408
45.828571
41.228522
34.724490
52.018567
45.920561
28.609677
177.038710
42.323529
110.740984
44.878947
45.461238
176.191892
31.704290
28.480328
61.237838
30.845985
109.363066
36.952459
40.896980
50.180282
43.889701
22.246154
96.060405
108.074468
55.078595
60.947368
52.070849
129.482659
52.609779
62.431933
35.501625
56.106383
92.423920
75.366667
40.464516
35.675758
45.723077
41.049123
68.914925
43.452147
49.804947
56.982653
49.911960
30.554620
43.373770
47.441935
48.709779
35.738806
37.902685
101.470648
61.887201
249.071886
48.278947
35.637736
55.795349
41.157143
33.382716
152.158007
39.120690
44.657071
43.157143
41.707071
40.163566
49.638889
37.906211
29.839276
33.997297
29.184733
48.038889
73.465992
133.051948
30.866667
41.506601
34.421053
50.262069
53.829412
42.519505
45.513907
115.101993
125.770588
50.362274
219.775229
42.739057
78.834615
23.900315
111.259034
62.925084
42.200000
134.339683
48.969799
18.011480
45.807261
72.103704
48.304152
43.766667
24.524924
108.512914
40.123529
84.612211
24.311538
126.604965
52.764360
46.162821
16.128814
83.295341
55.689701
49.892715
115.084880
245.954545
34.451639
37.693050
51.378947
37.441558
38.703114
130.932075
47.265257
41.729787
169.201639
86.530116
196.053846
288.825806
127.510381
126.121771
46.724116
237.739655
111.948148
124.410345
37.874766
26.750000
33.245455
35.590964
134.634669
352.314235
240.397378
110.179137
24.203630
32.727586
45.497436
38.007509
108.305556
91.409091
70.625097
66.822605
54.408621
47.031148
40.527119
53.369173
53.323077
42.706780
51.584588
49.984211
32.370183
131.578947
47.405052
36.178405
184.076812
43.002564
13.170270
56.123077
106.069811
59.633333
53.571378
93.433333
53.416667
41.195082
83.911340
305.774436
47.297764
87.742029
42.191483
36.714724
101.915789
172.455034
38.989251
45.601408
52.733096
53.107071
53.659073
51.674074
48.536424
187.287050
98.519968
101.344139
50.174567
200.780936
60.278076
187.848630
41.711801
190.703398
90.237956
53.347682
100.904633
45.629787
24.544816
42.757895
44.759259
62.121285
42.616949
36.385924
64.071429
92.592219
28.234951
46.100000
106.209187
53.442466
88.013475
45.606601
58.290775
49.025503
213.353012
237.263636
89.813475
173.875862
47.824377
48.365517
20.839144
42.355670
55.623077
110.521864
99.298742
39.390323
41.419505
227.320209
255.664789
54.638911
49.151408
45.067568
196.775000
61.318868
53.289701
45.816129
45.741270
134.130303
479.209386
55.664789
148.479518
54.101754
41.026332
53.578595
46.476923
57.797004
43.232432
96.336496
245.000000
120.184615
47.723392
45.666667
67.981967
39.516393
23.962460
112.957143
46.486411
273.239147
42.710811
34.728571
79.346414
262.759486
53.443662
43.522924
42.159386
43.927211
87.876623
56.200738
82.318239
137.268389
46.293939
51.984211
45.222924
49.027211
77.685714
244.837086
34.584615
42.974251
92.516487
68.609091
42.437589
46.548201
106.208451
47.770732
54.686441
32.471733
110.616981
68.802102
204.365497
215.209790
40.041975
74.623602
108.528369
34.218919
37.590031
45.927485
31.169811
84.950000
152.541379
40.929787
85.027778
48.072355
43.798221
167.832258
51.567442
110.030719
23.104029
257.726087
51.190909
46.392652
197.877663
271.991398
47.845324
66.003279
63.152672
37.742857
47.646580
53.604152
33.954054
48.006601
238.693893
36.905296
158.890196
46.789474
255.396928
350.434050
250.988235
54.978595
58.992617
76.234528
45.743836
48.346110
41.733449
66.014286
54.387755
58.631250
53.771698
124.611715
52.670732
95.668106
81.724159
98.470270
306.037931
53.464789
64.856522
44.646903
65.867972
93.176923
54.221986
47.181818
52.181818
48.287540
187.174453
50.693151
113.896154
54.500000
53.500000
70.037500
63.474295
245.837415
45.817391
268.424138
43.489251
52.728571
110.194425
36.732911
31.035484
105.431068
48.015504
26.402076
43.940067
52.531148
32.227586
58.559524
45.571062
316.616838
53.674377
42.891489
52.867568
45.400000
89.034395
47.343836
41.216418
49.924116
62.075084
109.714458
56.420077
70.794737
235.510526
64.439223
73.910561
106.716667
46.073064
181.100000
64.569466
308.250704
68.338095
58.938516
49.943066
133.100000
50.320664
41.323129
237.325532
61.839373
51.033566
26.722222
89.760150
266.041935
66.719870
45.553012
54.092058
57.131970
43.893750
37.631579
54.391815
48.167568
42.391483
115.216981
53.764360
105.755319
45.145324
97.707818
98.858503
106.457143
33.807692
41.932432
203.434891
57.063636
45.124490
192.730769
40.623129
132.528814
356.741176
105.984892
59.972085
271.979205
43.795082
55.047682
39.262379
113.218519
51.184211
91.790196
41.891503
31.068874
47.693151
168.623232
56.964789
315.566667
48.303909
44.124490
208.084806
200.573633
48.575887
103.838346
394.309728
30.662284
334.523105
58.200738
228.141558
172.541176
121.343396
129.307143
230.318033
56.798294
292.140594
120.155738
59.429932
115.266667
109.078720
44.432432
242.185130
108.753405
342.150000
44.655670
74.314925
58.670849
93.804545
47.546416
361.284848
42.818182
91.893525
49.645946
241.529412
48.568421
48.072222
63.722605
118.958052
314.770261
259.170423
112.963946
221.192359
107.935766
293.130403
280.601724
38.103774
48.434114
62.891971
86.500000
109.141994
47.459477
58.791815
48.430070
57.791971
176.111356
48.228571
203.234899
43.414286
58.422383
48.102290
61.391971
49.614094
468.908469
357.189474
39.510526
136.362014
224.130395
45.546580
116.971756
92.657962
320.464207
98.005674
384.930502
186.980602
50.492058
47.686411
89.343682
74.967069
50.802166
44.246057
51.100631
145.854430
107.234932
43.968493
60.282353
355.098639
299.044291
87.409524
115.240397
37.907987
49.943066
108.667416
46.921986
39.216901
107.953731
130.654965
253.279710
34.568354
60.988889
110.829577
238.365823
113.843515
207.569014
86.301338
48.530070
52.581208
226.278594
97.090647
50.136424
104.844262
229.416667
34.787179
192.409063
108.226797
87.610526
51.464948
48.471378
293.094737
226.963636
58.276347
52.645946
291.640856
114.646154
299.749826
349.701961
47.020664
245.492691
285.685246
41.716129
49.325166
44.116949
49.027451
225.727778
271.200000
402.628840
44.355696
123.369388
51.074074
345.320463
266.414599
120.774468
108.975921
399.922648
72.530996
280.337374
89.620611
175.686760
30.395620
44.394268
49.202564
49.628522
221.959206
222.764596
48.669301
231.183988
51.972355
266.322837
89.439073
338.306061
216.369900
47.524116
219.598270
137.305660
614.133333
43.466667
235.810811
42.319505
247.559468
285.388889
52.591971
45.689474
355.079518
51.633333
47.827451
38.716393
348.481481
242.522642
113.643396
195.446154
116.558052
140.961682
114.491255
62.550190
86.602439
110.323920
48.369799
115.705405
194.873832
106.512500
57.421012
96.146815
42.211801
52.600738
251.663241
46.089189
42.091483
235.914950
103.425000
48.000738
164.891156
306.331579
59.240157
282.717450
167.719481
270.024242
47.270671
255.292691
454.214286
131.270588
90.100000
52.563694
737.529520
227.103297
51.696610
53.886081
50.096610
388.330496
57.059073
37.918211
53.961238
131.646614
308.336842
525.066667
67.158824
539.135971
50.241065
49.945183
133.981818
126.005344
40.324490
293.748276
274.412230
187.017460
295.964912
228.297306
354.261415
118.736364
328.053232
340.104428
51.036424
251.637546
54.176271
87.237931
37.659502
199.225249
219.170874
49.878595
225.791103
46.543836
38.312903
111.346154
46.409774
368.315162
52.526573
125.194007
87.891144
353.434532
426.384388
525.294502
50.981899
513.675497
441.983471
124.361624
173.149477
501.521053
264.498361
47.246057
584.569136
279.137294
80.526198
106.735616
409.600000
109.860274
213.076817
199.293375
102.684106
395.107018
121.778486
36.633887
44.400000
221.661538
97.450489
48.456940
498.186441
62.923077
107.300000
352.981679
242.883871
92.128571
142.391150
418.338328
271.891549
324.682418
38.655556
20.991167
56.968085
298.515615
48.952459
36.697050
173.688079
221.093798
98.513879
305.645483
42.024638
368.426027
231.541692
33.587324
545.301444
285.715385
226.341297
64.195349
48.050376
397.647541
106.347368
119.409404
48.830721
171.273684
116.702749
39.541516
51.469231
166.996516
105.687770
94.933333
493.909589
319.243234
478.437956
266.458491
284.218881
239.252060
45.173770
202.520820
449.564912
287.734363
55.868085
117.220846
47.433566
38.617460
214.928916
34.678049
242.777987
537.730233
228.296552
35.007443
340.593436
99.813201
40.328395
35.638889
252.595706
300.259184
288.856140
40.856146
182.762362
246.905882
112.171429
197.601434
486.261290
246.985915
209.803448
44.164706
178.609677
115.574608
44.390274
47.516129
98.111524
157.012121
402.427586
82.104930
73.354023
94.096441
212.592771
243.176471
274.649530
109.876325
321.463309
448.426599
113.291045
228.901911
182.124818
44.973770
182.465931
103.029412
167.792517
43.769231
174.969231
99.928188
194.897516
39.928395
119.615512
40.181250
345.454795
106.259701
139.007224
61.685915
178.464557
54.028571
335.324390
275.013653
830.800000
471.651701
114.674233
148.949206
119.282270
247.303654
54.468421
41.200664
440.955762
216.532646
305.082353
51.067742
106.911439
517.488889
311.886076
347.248443
238.594203
324.667194
364.320979
137.224176
48.466667
98.504181
55.989701
53.633657
126.308219
133.736232
55.449442
377.751095
876.200000
324.224756
330.206574
870.900000
84.311111
442.524051
64.000000
295.625397
386.251815
482.958824
838.100000
330.337705
39.726332
710.591941
451.788112
370.094649
705.895710
95.595506
81.208108
495.977922
145.578689
230.919113
320.915947
38.794805
502.774021
89.111111
442.278689
330.445946
372.442857
720.852941
864.000000
220.406810
107.290850
222.838889
205.131056
323.938983
287.093103
830.900000
264.588316
53.823077
115.675601
225.103344
88.381132
53.385324
152.878689
307.529577
490.585284
489.549123
86.983117
284.738284
178.027160
304.127426
54.462069
257.887055
304.160725
103.425641
847.800000
79.793960
727.430035
516.169967
57.392982
199.862963
288.657895
276.337542
307.748276
39.582818
827.900000
270.905323
376.546154
449.327273
698.640614
170.280597
195.485666
95.517363
356.389116
293.203448
105.315385
295.473401
285.318310
249.174825
238.234921
123.320690
94.594052
265.682007
256.091781
457.038889
110.587770
146.326230
88.549799
846.500000
69.168826
61.700000
180.558194
32.792705
244.204770
126.748689
451.500000
241.775570
38.733333
850.800000
313.025000
293.402817
124.538760
248.436842
50.121986
239.065320
214.748466
502.839683
369.788742
505.233333
375.205648
142.898592
125.583942
56.726573
220.446309
111.457143
362.788742
138.872519
49.916129
850.100000
255.089552
421.753846
55.538516
67.816216
749.236434
317.638206
389.864198
79.842652
868.800000
147.982456
859.400000
417.931833
337.847855
306.473913
300.600356
383.431502
457.723488
132.611470
99.386084
169.395652
100.354422
498.949650
839.800000
398.091349
454.940925
729.446043
745.094077
56.300738
42.140964
241.157143
862.800000
219.929703
226.085714
235.578351
139.838662
46.806780
139.147368
360.754545
612.380142
53.397411
857.800000
333.004969
476.064780
748.951351
339.587500
40.778405
397.025092
56.178595
126.166667
671.309353
94.961074
105.351773
871.000000
273.328221
439.308389
167.265957
104.675472
878.500000
868.300000
287.927778
343.467089
40.548052
41.500621
54.241270
384.211111
840.800000
108.918182
875.900000
191.610256
726.831034
260.750337
96.198471
876.000000
891.300000
168.517073
271.218182
875.600000
892.900000
900.200000
888.800000
560.982353
43.790031
877.800000
434.068493
411.971795
181.483271
725.355944
852.400000
426.145205
874.200000
475.715033
98.612329
877.500000
235.324638
266.296928
403.246326
413.763158
51.143945
49.713907
287.111392
306.935616
693.670790
397.361111
469.700000
544.563158
289.600000
48.697764
344.427243
450.530508
524.837500
42.224841
452.990706
879.100000
182.330942
871.700000
35.614465
672.264286
232.351724
694.248649
864.100000
557.186713
587.090828
734.396886
479.223975
257.767123
441.719608
374.815014
852.700000
613.689542
479.518310
253.779931
854.600000
355.082353
310.830375
221.275504
908.100000
150.303448
861.300000
62.918868
257.832024
241.677273
884.000000
893.800000
353.775000
338.657143
280.836964
305.964754
874.900000
861.500000
373.613986
859.100000
854.600000
237.222449
890.100000
368.020948
899.400000
65.678738
407.709524
440.109091
607.913158
283.304893
457.198582
911.100000
517.107947
240.981250
336.844280
300.938629
120.179137
375.127273
745.717949
57.427273
287.107029
644.532686
167.353846
40.484615
113.943972
365.676161
127.001695
48.918182
881.700000
109.568227
887.000000
385.800000
118.115512
181.565574
371.854967
273.009150
909.500000
901.900000
576.488652
52.627211
237.861111
402.943284
409.974684
509.492582
875.900000
885.600000
309.257823
330.252632
28.414966
258.147541
184.457643
282.219608
288.991398
133.667742
590.768966
399.123188
621.638318
755.470307
335.264706
475.686731
128.000000
902.100000
472.089243
497.188136
482.576015
899.800000
899.000000
47.798221
209.538801
517.788679
635.225490
901.100000
91.424159
198.151748
324.810133
471.326599
45.917460
476.434615
99.935831
121.907407
335.402787
43.720478
118.814440
886.300000
125.663636
606.749645
46.114286
54.664179
600.676984
714.479715
204.576471
107.257895
223.992027
867.900000
90.964865
48.922924
763.417301
44.764516
310.089764
898.600000
541.582353
304.576471
130.563066
33.509434
460.691582
408.772603
163.910112
328.420128
148.400183
470.225830
443.094118
757.576471
642.497802
349.016312
881.100000
901.800000
381.208108
889.800000
641.279245
102.947541
912.700000
441.816352
44.751026
292.459259
888.800000
336.833333
629.511821
271.837209
58.160073
505.414286
371.580392
898.800000
123.524911
639.972131
874.200000
476.772430
904.400000
284.930605
463.655720
76.938462
473.654545
911.700000
245.810526
891.400000
902.600000
86.279487
461.441693
437.917647
322.962162
83.339416
913.100000
890.900000
237.440293
382.968327
111.855782
44.690031
899.100000
88.281955
48.168966
706.120264
666.103185
135.372727
209.002990
461.939871
884.200000
428.514724
337.994700
738.240498
250.438350
887.200000
874.100000
899.800000
642.953512
299.041085
460.094969
450.681102
235.536646
203.592683
752.752448
430.934304
135.843320
277.738272
886.300000
887.100000
328.009220
93.094068
24.462583
403.200000
455.674627
918.500000
890.600000
552.123529
898.800000
92.540956
144.664935
902.800000
283.822222
99.612329
754.081789
251.888811
201.272840
57.488235
905.300000
268.125000
26.629693
605.625912
212.142857
909.900000
912.000000
580.053425
924.600000
808.987031
640.969435
200.160320
376.399197
106.829630
644.647619
202.525676
516.193525
923.800000
806.173843
903.800000
553.598084
77.094595
505.776699
453.368493
780.594309
291.356693
295.536364
382.488339
287.635314
302.163370
396.058935
227.884211
219.509836
895.200000
625.945752
336.966667
110.287786
490.193243
460.997112
80.773498
18.138872
191.635484
242.838889
272.540072
370.453376
501.643860
467.594937
489.982781
891.300000
920.500000
586.485911
130.318168
332.547518
250.558301
593.926316
113.510959
625.463793
386.167331
719.056318
384.449275
66.480812
407.448062
240.078261
912.800000
135.291525
904.100000
513.765672
901.700000
443.056250
266.436842
524.227586
509.271383
359.062543
467.691809
571.844444
321.578388
58.313793
304.658304
394.105431
60.024324
324.224837
570.232740
292.177612
252.281250
504.146154
131.779104
400.405590
642.054545
174.777757
927.200000
406.616770
927.600000
378.494595
325.801399
194.798773
48.693082
35.324161
129.330719
354.997351
314.967450
277.852239
78.034448
269.518750
925.100000
298.403145
29.037037
905.000000
618.850883
55.228522
130.598454
234.610526
634.075251
49.000000
918.100000
567.170627
314.275000
265.424561
921.600000
106.316883
193.436620
80.395402
382.676433
644.080198
933.400000
105.433333
256.184013
99.212329
423.600000
345.142904
