9.180000
12.647974
17.413563
17.744778
23.673254
26.069555
31.090890
40.175981
41.945342
48.478345
48.460162
51.849264
60.572772
64.913192
67.747115
68.434061
70.655293
78.795741
85.630949
89.794704
98.059757
100.495637
102.264828
107.568448
108.821399
109.173003
113.812404
117.343289
122.348550
121.901029
126.546781
131.724914
130.983276
132.488075
134.128279
133.327449
132.582405
140.495581
142.213779
144.881866
146.920041
154.699840
157.647800
156.629076
155.553104
163.037573
161.780150
162.220950
164.148714
165.354524
172.974979
174.198978
177.034024
182.810709
181.470602
188.554896
191.289252
191.174743
196.098078
196.953554
197.520837
198.065781
198.775950
202.645048
209.848598
209.599842
209.864828
216.791179
215.136335
216.688953
216.881873
215.099651
219.358504
221.915347
222.541194
222.412782
229.280654
227.997015
228.420125
233.265974
233.516208
240.341046
242.504154
243.530682
241.590375
248.439471
246.517377
250.710293
250.984670
249.609274
256.133181
255.736094
256.313674
257.429125
258.022260
256.421323
263.248110
267.111208
267.267750
264.951029
271.578519
271.738865
278.174477
284.651732
287.443718
288.926176
295.280914
294.686429
296.733629
299.092595
305.196669
306.004304
303.500771
302.882383
305.927180
308.231011
311.256207
314.388848
318.966404
316.783177
316.081444
322.114630
319.764140
317.026662
323.046396
321.868656
319.048684
318.945367
320.298480
317.382814
317.060013
318.688007
324.730126
322.942927
320.167022
323.777229
323.757711
323.533238
326.031517
325.128587
331.048301
332.730780
338.650472
336.823813
338.836720
337.748744
343.524256
346.135683
345.300705
342.820434
343.888063
344.929058
350.554768
356.129220
354.202432
352.517903
351.709429
354.690668
351.507889
351.283684
353.718177
353.964542
350.899335
356.422341
359.967412
362.862984
368.580354
368.211377
368.961392
374.491778
373.838049
373.607122
371.944371
377.169927
382.405228
383.626747
382.128077
383.043939
384.282499
382.657832
379.112677
384.442550
384.742096
383.525341
384.887271
381.504573
381.236354
386.518991
388.941140
385.429328
390.769034
388.911707
385.494765
390.664817
391.426881
396.638612
399.063472
397.198288
394.838778
392.818701
391.828191
392.828573
395.473566
400.603830
405.740792
403.601970
403.460935
404.904812
407.394794
408.385604
409.688847
411.579276
413.824456
415.166606
420.341940
416.654587
421.659041
426.632450
431.718126
432.769115
434.839221
435.377853
440.205075
440.300832
441.801881
443.457938
441.728435
439.676610
444.402844
442.798730
447.534743
446.725192
451.277940
447.694236
443.662562
441.877198
443.721141
444.919232
443.520414
441.684243
439.822414
444.615190
446.519649
451.281452
454.032501
452.383822
453.510527
458.124422
457.662552
462.278927
460.105874
459.539729
457.900483
457.790988
458.072351
462.620628
459.431243
456.916965
453.501009
451.235352
447.762130
452.671509
452.021486
450.603907
455.299868
457.021370
455.949458
460.738963
465.353574
462.130561
463.581393
463.392697
461.767134
459.028101
457.873005
462.531274
458.296559
456.648953
457.466986
455.145457
454.514712
450.425884
448.359237
446.589770
445.336750
441.445788
446.171330
450.843617
455.464181
453.239682
452.738467
450.031860
454.874541
458.047554
457.014785
458.666414
457.873087
462.512356
463.887744
464.418923
462.242438
458.078221
462.730439
460.572746
457.157986
455.288872
453.462225
458.108603
462.838517
458.755726
463.332168
458.993728
460.807924
465.548844
464.888175
465.239404
469.681010
471.063121
468.306490
464.567163
463.254934
467.862385
467.560011
472.074411
471.084127
473.377649
477.727873
476.559449
481.017855
477.219698
475.721498
475.403834
475.415065
473.233153
476.195488
480.479533
483.318272
481.198694
476.908805
475.856191
475.690059
480.094159
484.597217
486.144957
490.524508
487.016229
491.481067
487.671011
483.351764
479.077547
477.703145
477.518152
482.004971
481.633894
480.970555
482.391294
480.050304
477.410541
474.766014
475.531157
473.819602
473.239744
477.829346
473.987878
470.407427
466.153724
467.848972
464.703004
461.239250
464.118703
464.519573
464.710627
461.257863
461.231823
464.313667
460.347041
462.010622
458.718574
455.438295
459.954912
461.730075
459.255933
457.549864
458.104976
455.077751
454.340049
450.709439
453.121399
450.053305
452.518216
449.330476
448.707431
446.567952
445.693023
450.426093
448.335531
453.014176
452.270089
448.027866
446.204614
450.977568
448.935392
444.896467
446.672058
444.740920
449.573511
448.360743
445.009575
442.077401
446.928627
447.284927
445.432918
443.745888
439.937398
442.422813
447.095585
449.705494
447.753525
445.570712
447.267512
448.832096
445.187489
450.224614
448.419227
446.856598
447.993976
444.551404
445.195061
444.807944
442.341735
439.509156
436.251914
436.758578
437.084459
434.738260
432.407242
435.048085
440.021604
443.393008
440.752649
437.404322
434.154750
432.388770
433.592549
433.144386
438.078942
443.153152
444.808065
446.658335
451.500751
450.303380
446.326860
450.857592
455.577016
453.381246
455.140003
451.120042
455.763842
456.035537
455.426709
459.982442
460.307134
457.216595
461.990430
463.325946
462.727941
458.438891
456.317758
454.142807
457.338059
457.584947
457.351576
454.614489
459.045344
458.682196
458.263374
454.942563
454.684391
456.395160
457.687111
462.120240
460.295853
463.732605
465.443295
462.136336
460.914575
460.947429
465.583955
468.698134
467.247156
472.007685
468.683181
465.254293
460.886313
461.074261
463.160321
467.948718
472.496230
469.147180
466.873681
462.703859
464.096931
463.976436
466.458980
470.988390
466.855826
463.305346
467.872292
465.334307
464.029306
468.677013
473.235243
469.053163
471.479294
473.087066
473.946160
474.419787
472.849771
473.915249
472.140228
475.168763
474.777088
476.165017
476.232964
475.091443
472.499642
475.315312
473.777927
472.405553
468.667833
471.514952
469.755693
474.201136
471.019933
470.782535
471.541762
472.093865
472.409118
474.517585
473.090257
470.452873
466.267412
467.109147
468.443528
464.222509
469.084283
466.739047
464.080680
460.704265
459.315120
460.628095
457.587481
460.652632
465.419105
462.792141
467.487220
463.301410
466.101285
470.649272
467.235203
465.522499
470.251274
466.013997
470.545857
472.495204
477.265252
479.066067
482.064578
483.779463
488.225668
492.697411
488.071603
492.504887
496.802838
495.418102
492.785657
491.944424
496.362980
496.671162
493.466905
494.159056
492.057262
490.388754
494.690867
490.169408
487.567597
490.545686
494.926229
499.283967
500.769349
500.843840
499.254620
498.854462
497.726409
495.775286
500.088533
501.497526
498.611089
499.246666
497.670468
501.981764
506.328946
504.069265
503.906195
508.159133
512.326541
508.840498
505.568874
501.353929
497.293338
501.463405
501.911635
506.160519
504.486177
508.693315
512.896382
508.791779
505.550577
502.894149
507.323207
507.567267
511.673594
515.580858
514.420478
514.893960
518.906020
514.581251
510.518942
511.143371
509.471239
506.584130
510.751288
510.932918
510.025981
508.696775
508.523873
512.687635
509.649066
513.755575
509.230444
513.393139
511.651840
508.953602
508.002117
503.297053
507.391083
505.794013
502.727821
498.249542
502.421047
503.559142
499.265343
498.750486
494.767619
491.336301
491.016784
489.410549
493.612443
489.262063
493.616442
494.138487
498.487102
493.862739
498.169111
496.598012
491.941355
493.100215
494.686391
490.172602
489.233939
486.541963
483.898702
481.196576
477.792934
482.177004
477.741685
482.068269
483.716041
485.412070
481.011440
476.733765
475.346442
479.781978
484.365158
481.183084
483.148343
483.522466
488.074241
489.994740
488.004663
488.058194
487.077063
485.507267
484.905194
480.709392
483.053481
487.710946
492.021837
492.342308
492.272061
493.790086
492.936350
494.569564
493.809063
494.073540
493.697471
491.486077
489.294293
493.801350
491.532911
488.922799
493.406571
494.028486
494.964248
494.632883
498.828555
500.400916
504.726907
502.368638
502.177213
500.134345
495.691865
495.304947
493.011221
491.337766
491.792976
490.500510
494.820505
499.180300
496.997288
492.308931
489.263362
493.490729
489.629052
486.195587
482.562683
483.782249
488.517426
490.086536
486.270786
483.008241
487.261159
491.479547
489.558208
488.893194
487.875809
485.463923
490.005284
491.402525
487.045154
482.728521
487.152236
491.592714
495.884786
493.116000
497.414840
499.284316
503.624472
499.132568
503.283243
500.082950
496.383168
498.021310
502.091097
500.553656
496.076583
500.474817
504.919069
500.162975
497.857234
502.084662
498.553161
498.373480
493.800340
490.346245
486.939890
485.503931
482.692253
481.258594
478.375558
482.786803
479.251540
475.753024
475.469684
480.098988
478.911359
483.385246
484.942393
483.332560
484.861052
484.995509
483.752179
479.203888
481.301532
479.103795
480.003834
480.637881
478.480502
483.055697
487.177140
483.282351
487.893527
487.423592
487.715073
487.201469
485.675487
486.450703
485.865264
484.649101
484.104416
480.639561
485.038165
480.810847
485.216739
483.722302
488.361079
483.963089
482.017691
486.439514
485.148086
481.875014
481.439342
477.533806
476.048079
472.473169
468.050603
467.052097
464.786873
469.533005
466.224779
462.905729
467.438672
464.791156
466.771827
464.812272
461.077940
459.712122
456.613445
456.268468
457.577212
453.935962
451.433010
452.804548
451.050426
448.122783
449.328449
451.812552
456.780426
455.361336
451.290626
449.176141
454.039379
454.061991
451.781829
453.631466
449.662016
452.980383
457.804579
455.742478
455.850339
458.115272
455.303958
460.163918
456.056332
455.173491
452.474800
449.934049
454.828708
457.040637
459.220230
459.904211
458.073652
456.343539
454.978054
455.916270
453.665299
458.225646
459.242953
458.632631
460.402832
458.698562
457.533107
462.631776
464.914868
464.734216
464.482453
461.968990
460.874485
461.113437
465.848303
465.205409
463.485261
463.343989
465.328929
469.877640
474.585863
474.241229
470.778998
475.252208
471.016753
466.970959
