918.000000
355.977441
489.206790
50.535065
610.592419
263.303311
528.203072
939.600000
217.112081
695.245669
46.660060
387.370370
924.200000
494.614754
348.305536
136.441697
290.557325
884.700000
762.316551
502.006452
916.300000
341.647801
277.414751
632.626829
232.863497
143.981818
573.113158
466.900897
617.869355
77.596407
586.476224
644.360169
57.561049
281.463158
296.508491
54.045324
58.823077
923.900000
312.315385
409.022393
348.699379
924.900000
449.495775
55.775439
49.031900
904.000000
37.295205
205.860241
354.997315
284.729730
927.400000
295.374920
457.703509
754.702532
48.800000
889.900000
461.990566
179.838348
683.508209
281.645669
253.681818
252.015242
269.082759
585.685714
923.000000
184.973077
236.098382
902.500000
51.306780
370.398046
235.980982
38.659712
640.984899
475.042857
284.500000
209.700000
909.200000
100.916779
270.307937
713.005063
258.289354
916.000000
456.651852
345.156958
49.500000
926.500000
56.230070
665.808997
278.147923
113.445070
902.000000
216.424471
313.494071
367.858805
316.742604
97.928571
939.100000
649.557934
282.765464
35.595620
927.700000
287.613183
915.300000
925.900000
563.850360
435.689441
924.400000
235.832394
499.406452
532.630241
909.500000
385.960131
55.651090
241.661905
607.362094
536.310247
610.750685
624.520270
772.144444
100.643682
246.609924
919.400000
87.065636
46.016393
919.000000
205.272414
39.871429
308.717054
454.256679
28.731884
285.102632
479.859406
922.900000
146.010204
45.352427
681.187719
321.825430
301.310345
573.361194
235.738462
917.100000
499.296255
924.700000
155.984519
538.114551
230.039068
915.300000
604.666887
262.637931
97.273588
449.583333
447.987582
907.500000
908.000000
163.450394
185.749547
271.670498
649.833333
36.412782
329.087390
594.733022
378.354613
47.443836
903.200000
710.929371
649.524648
934.600000
331.682680
443.212803
922.000000
309.118881
350.745421
207.331959
894.500000
900.700000
504.557143
233.759794
473.714184
506.900000
221.815789
28.142294
912.100000
414.397122
263.066667
519.718272
46.617460
354.682759
909.500000
628.733884
37.759935
919.400000
205.036319
47.217460
902.500000
466.871186
912.600000
639.124603
212.545082
161.247319
192.831034
293.767742
491.866308
657.327891
908.500000
914.300000
191.858596
389.498515
547.848632
653.903030
506.475801
538.709836
598.731746
636.097260
548.039519
932.700000
51.606601
917.100000
919.000000
935.200000
536.816997
639.779745
488.702439
918.100000
449.780769
590.405724
607.407634
270.507645
236.545890
912.300000
283.991531
916.400000
366.579592
902.000000
92.907547
44.526829
265.126230
626.271429
563.530303
305.037374
259.903311
255.501408
919.100000
635.061017
922.700000
726.386301
289.164662
565.054331
914.900000
411.937462
919.300000
244.973643
403.491386
295.615108
446.951024
485.927273
912.900000
143.682192
208.003401
115.321402
226.935294
103.913131
938.700000
387.669231
310.263636
920.200000
627.450000
349.830201
934.900000
922.200000
143.052349
607.213746
444.711765
300.836364
187.863855
343.518467
923.700000
39.059712
293.535974
538.452265
225.314089
392.070968
45.631922
243.761151
271.412500
321.287805
56.240580
914.000000
913.400000
912.900000
233.014286
403.118213
182.077711
934.300000
772.175862
354.770588
622.177709
379.333755
921.800000
600.051097
517.005674
246.770438
45.820690
923.300000
246.961151
119.096815
270.246505
272.624242
918.100000
931.100000
54.559386
916.400000
29.488136
640.413287
934.900000
399.481877
500.011111
909.400000
607.892105
195.400000
94.373817
333.344291
924.000000
437.625000
919.000000
373.045993
700.436364
908.400000
360.885535
922.400000
101.202158
327.399686
443.955072
476.526994
257.223810
769.466667
904.600000
764.353420
271.360481
52.209774
371.647405
459.243042
916.100000
930.400000
639.371233
924.100000
139.696689
933.500000
110.475472
55.746313
55.930070
341.637299
459.203887
926.200000
444.897297
415.300000
623.044444
248.292308
216.073973
212.957895
551.280315
304.375627
415.833766
932.200000
93.682578
115.942756
45.037102
635.678548
153.252189
118.327536
749.184615
504.205678
483.625000
119.434177
458.653846
769.416263
67.651064
626.705119
132.805797
130.690698
907.100000
637.471186
214.315924
288.648993
513.061074
155.382456
381.307612
91.279004
691.905426
146.312014
696.544444
133.744170
387.025974
234.759598
359.075000
919.000000
241.369909
916.200000
378.605556
28.047712
265.702703
923.500000
246.760031
45.042857
622.455556
253.558278
928.000000
328.296732
113.243972
151.792157
927.200000
482.558586
262.084047
276.729964
62.896825
688.478947
909.700000
708.086486
254.508541
229.472263
615.250671
603.725926
84.371429
948.900000
269.685915
292.156269
560.594427
103.736782
508.917094
406.483333
198.187097
159.083803
113.784946
486.918310
469.346735
202.464557
201.636449
696.491549
932.400000
777.161972
179.357143
105.919861
112.447138
257.556738
552.766667
388.776271
926.600000
945.500000
608.644371
629.835048
930.900000
331.763636
52.651408
899.400000
922.800000
236.000000
629.256954
53.143945
915.500000
482.933333
395.152747
911.000000
492.451724
151.253237
934.600000
595.542105
403.525424
33.822951
246.325610
238.822581
773.668030
482.026866
434.247887
183.642857
897.700000
422.730496
416.800000
126.182270
429.125373
625.761348
585.590210
901.000000
279.681605
803.971053
634.801587
134.747387
339.960201
464.200000
924.600000
777.001887
323.600356
943.300000
139.557282
125.794378
28.456322
479.681081
669.680282
942.000000
922.700000
137.591150
241.797297
49.891483
602.011111
452.047368
712.230824
919.400000
57.731970
111.807818
920.000000
214.073770
334.834247
928.800000
924.500000
55.027211
711.666265
632.256557
558.996417
521.308834
317.418182
579.397611
296.413115
774.993729
436.001325
613.569935
482.959732
362.080822
215.911348
754.066667
321.576780
336.540575
98.633574
753.379747
295.589041
914.300000
156.080822
447.280132
546.705226
526.752077
503.619108
683.255882
331.784768
209.351852
51.906780
550.440940
600.547232
46.341558
950.400000
234.560641
200.902305
126.439175
321.789764
590.612698
156.566667
764.102532
937.300000
202.722680
932.300000
48.906271
743.288889
920.900000
129.242349
295.964865
938.400000
46.523529
919.200000
665.480537
949.500000
657.346801
778.917182
653.553004
928.400000
935.400000
30.116561
931.400000
922.300000
358.329204
232.173633
408.662406
933.800000
527.181159
176.245455
562.681967
283.979710
325.206463
920.600000
42.545055
229.988278
785.376471
928.600000
930.700000
647.822222
508.218412
341.921865
459.238806
386.049133
302.614151
927.100000
640.987805
212.853870
562.168750
341.626910
928.800000
936.700000
280.360839
487.762207
929.200000
924.900000
163.722201
181.678102
84.074359
95.294872
914.300000
546.286441
926.800000
338.726316
925.200000
929.000000
102.436084
184.671554
239.907792
945.800000
531.729139
918.200000
902.400000
399.542857
561.768687
916.100000
86.429078
108.350331
572.961905
343.930159
220.760269
923.300000
528.914286
420.239216
377.105375
491.406593
924.900000
208.830731
920.300000
61.242466
925.500000
339.263158
241.828070
413.805085
37.495775
912.700000
347.684133
199.174740
54.900000
915.400000
616.230565
74.179257
447.779567
100.463799
151.635821
459.384615
330.393286
909.600000
58.574377
924.700000
545.820906
929.000000
36.050794
924.500000
341.059124
30.932394
607.827306
651.717829
43.307509
396.306329
220.036283
222.215873
213.686127
140.832331
916.200000
38.645104
910.400000
646.845511
653.318919
45.349129
53.243945
338.001418
918.900000
938.100000
166.157807
677.708997
520.560563
938.700000
680.124111
290.987055
493.357762
389.945161
330.097403
425.300000
65.325000
715.118259
948.800000
918.800000
524.068953
485.317582
644.074603
408.416498
656.257718
418.519454
520.256757
456.466667
272.558065
272.307692
940.000000
266.957491
230.521637
937.300000
555.598089
587.604714
461.827778
914.200000
656.064706
933.000000
268.900000
483.226115
297.890421
55.886411
457.000000
265.932343
325.665723
536.858824
362.546367
922.500000
930.800000
280.879094
28.161538
187.752113
912.000000
107.323077
146.282482
122.905199
604.519269
957.300000
645.428417
108.511524
160.016350
908.300000
909.100000
299.345578
423.056803
387.154745
246.687179
939.600000
629.729368
55.665517
55.381818
925.100000
931.200000
920.800000
219.006122
923.000000
684.362426
933.300000
54.434066
914.200000
183.254006
130.104762
660.197297
905.000000
348.346988
52.846416
935.900000
944.900000
29.309677
269.588889
920.600000
148.934591
480.585047
41.059502
148.390763
149.710811
343.343986
204.336120
339.326316
192.955034
919.500000
129.260504
129.400000
447.419048
938.400000
361.336159
926.300000
639.100000
323.959075
636.181784
498.306714
360.662543
28.923077
688.968248
261.527891
569.107692
543.408451
264.900000
936.000000
895.200000
97.698246
944.400000
440.900000
516.571642
436.354717
334.603236
563.197163
427.906803
364.248921
430.180583
137.618919
920.500000
62.306367
921.400000
335.773016
947.600000
48.562080
289.423322
924.200000
357.296743
157.840845
438.307829
90.885714
328.961111
118.557143
30.216561
368.200000
240.529703
939.400000
138.710448
134.319771
916.200000
202.687097
662.858278
270.816279
91.379070
324.496183
149.844444
422.115756
587.142857
93.452201
203.640741
588.586792
277.392342
158.286195
568.689362
697.738710
948.600000
314.871429
48.290274
239.842138
935.500000
456.300570
226.045752
636.745570
56.686411
781.498701
935.400000
251.594521
466.528571
682.343662
176.983801
941.300000
49.405296
367.772222
185.304403
198.399674
939.400000
676.021555
675.000000
527.618272
276.848344
285.062382
319.794964
548.799663
230.819162
909.700000
559.956338
398.210811
635.652716
289.975862
342.153030
967.400000
690.941007
446.849693
439.557829
213.136196
352.518519
484.769697
934.600000
401.558935
293.190566
449.358042
661.838007
920.200000
940.700000
440.122419
128.018121
918.100000
51.706780
66.437276
