92.526690
-14.875926
-18.085185
-17.971429
86.642599
-17.886093
-17.914676
105.263158
-18.585906
102.362205
-27.433934
-17.672222
-18.722222
-19.147541
86.505190
-18.069373
-18.090446
-22.160450
83.623693
-27.183871
100.358423
-24.348974
-18.040230
-20.975610
-17.847853
101.818182
-22.210526
125.560538
-17.909677
-24.119760
-17.862937
-21.103390
-18.048315
-17.900000
-17.962264
-17.957554
-19.310368
10.091188
-17.973427
-23.150307
-17.988199
-17.948315
95.070423
-17.907018
-17.931183
-17.952318
-18.057534
-19.134940
-17.974497
-17.954054
9.364093
-20.275884
-17.924561
-18.044304
-17.810526
85.889571
-17.928302
-17.953392
-17.873134
114.173228
-18.024675
-15.265613
-17.834483
-17.914286
-14.268519
-18.061538
-17.966343
-17.926230
-18.023729
-18.096091
-1.435276
-18.054676
-17.930201
-17.900000
-17.875000
84.375000
-18.010749
-17.908725
98.412698
-17.844304
-17.954373
-17.907018
100.000000
-17.938835
-18.083333
-17.971429
-18.069930
96.885813
-17.907348
-18.077465
-17.894389
-18.013595
83.003953
-18.017610
-18.052663
110.714286
4.803414
-17.909225
-17.998625
109.489051
-18.025926
-17.891318
-9.063559
-15.554651
115.107914
-17.882609
5.251859
-18.077465
-17.983871
8.127835
-18.010811
-19.240523
-17.964174
-17.833333
-18.077617
-18.095053
-14.007534
-16.325676
-17.983333
93.862816
114.503817
-18.053584
-18.035052
-18.047541
-17.939716
110.344828
-17.976190
-17.904651
-17.897834
123.188406
-17.910526
-18.092079
-18.004478
15.559184
-7.652589
-17.959649
-17.907904
-17.843260
-18.035821
-9.157692
-18.031915
-12.198315
115.384615
87.816109
-17.980495
93.247588
-17.876923
-17.942384
-17.937931
-17.988372
-17.955556
-17.840523
-1.275926
-17.913559
8.599213
-17.977039
-18.060153
-18.055556
-18.012030
-18.048974
-17.994704
-17.989299
-17.806849
83.612040
-18.045455
-14.390845
125.954198
-12.618627
-11.025433
-17.955556
-17.980420
113.553114
113.402062
101.910828
-17.902564
-18.100000
-17.835052
-17.931915
-17.921053
-17.931579
-18.099642
-18.048951
14.439568
-18.000000
-17.832558
-18.007937
106.896552
83.892617
11.744628
-18.096091
-14.313309
-9.746091
-17.979365
-18.094059
-17.803390
100.671141
-18.006349
-17.904918
-17.303943
-17.834483
-17.883871
18.553047
-17.972789
-18.032432
12.701754
-22.695157
-18.093729
-17.988754
-17.963636
99.644128
-17.977049
2.591270
8.143836
-7.912199
-18.048315
9.506931
-18.069930
-18.027778
14.233333
-18.093729
-18.042776
-18.021951
-18.030742
-12.850000
-18.093939
10.536641
-17.837920
-9.907534
-15.702318
-18.010749
19.876056
-17.972789
-17.883871
124.528302
-18.075610
-17.926230
-14.164286
125.000000
-23.792929
-13.991060
-18.004225
-18.062191
-17.944068
-6.681183
-18.031507
-18.030827
11.377165
8.867568
-17.955891
-2.219930
13.771318
29.150187
13.053957
-17.888737
17.627273
8.655556
-13.681507
10.727211
18.681181
-17.876471
19.341077
144.531250
-17.897436
-12.395455
-17.971478
-17.938462
83.892617
-18.094118
-17.942105
-17.974497
-17.944330
13.252941
-18.054545
1.127108
12.370732
-18.082609
8.948201
-17.993399
-18.029268
-18.007904
103.225806
0.353909
16.236691
11.881250
-18.021951
14.371014
-18.042373
-9.732759
-18.054849
-0.382558
-17.962887
-16.209036
12.846154
16.113793
12.476471
-17.976471
15.322383
-16.056849
-18.004075
-18.078014
26.440876
-17.931034
11.959712
12.110791
-18.005732
-17.925836
11.296970
-17.955184
8.241176
-17.953584
8.240067
-13.663559
-18.066434
-18.060223
-18.092557
9.538889
9.500000
9.416667
-18.059036
94.637224
9.064360
14.022535
-18.050000
8.565517
-12.263589
-18.011688
10.096721
-17.851572
-9.635106
10.051079
-18.096226
13.540580
-13.867791
9.225850
-18.033333
-17.876471
-15.618078
-17.926460
19.309774
9.943945
-18.065049
8.716949
10.658824
10.621233
23.486851
-12.791060
11.532836
15.809434
-5.703392
10.944056
13.093248
15.770671
8.521986
12.910811
18.730070
-18.061111
10.122742
-17.957534
10.642105
13.014173
11.126523
-18.098701
20.147059
12.911847
30.272085
-18.062191
-18.093399
-17.994949
144.927536
9.446154
10.454890
-18.000000
11.826582
10.676923
13.984775
14.529787
-18.066553
8.179710
-18.032558
-18.065049
12.747458
12.748408
10.135570
9.702685
13.266667
14.024567
11.780783
56.038760
21.738516
12.466667
32.340636
-18.085714
-18.028173
14.268750
-18.034483
-18.012158
9.277104
11.777778
-17.916340
40.000000
-18.092491
-18.004075
-18.082540
11.544444
-18.086093
14.322807
-18.056209
13.652482
168.627451
11.280783
11.374074
9.956809
13.202166
8.014286
13.522807
8.167110
14.345946
10.404626
13.894891
10.981208
8.329630
9.428571
22.179592
16.585915
15.820183
0.061455
11.696935
33.849573
17.900000
-18.412903
-3.711972
35.579570
16.505634
8.037113
-13.129747
-18.009969
28.391549
19.870370
9.474648
17.614286
17.502091
13.705051
10.368085
18.321505
20.466102
-18.046043
16.654839
9.170199
-10.525884
18.510145
13.245455
8.532394
-18.020245
11.846980
-10.016667
16.591391
16.043945
13.831922
23.563768
-18.085714
-18.007904
26.868966
24.448201
8.709434
15.636842
-17.983051
-18.055738
14.021951
15.500358
14.214498
17.495522
28.943662
-4.930952
-18.043373
10.521986
10.233333
32.006383
18.101493
14.345390
10.137063
-18.002655
147.157191
33.245614
8.942857
-17.925436
17.178595
13.566667
12.494891
19.656604
13.774377
19.752672
11.369903
47.178313
-18.055172
19.432432
10.828169
25.419084
13.626573
8.497050
20.802703
18.564353
9.622222
-15.446491
22.984588
11.820408
22.231970
11.002606
25.744068
14.495082
16.616438
16.866667
9.368966
-17.983673
14.913253
-18.004918
15.074593
14.704240
-18.090909
-2.864676
-9.727049
10.906931
-5.613576
24.631373
9.402685
19.017808
15.875887
8.988889
-5.042570
10.823323
15.281949
12.291139
36.087671
18.616129
-17.980822
-7.769868
-17.919512
17.187540
17.124841
11.464706
15.902649
28.870370
13.455932
29.248322
18.420664
16.028571
23.012397
-7.510058
-18.081268
-27.790034
19.614173
26.933333
12.666667
13.291139
75.498689
-15.130756
20.960886
16.505281
25.181481
22.076271
11.356940
14.924324
39.242085
16.359477
10.566667
22.392617
30.465339
14.939057
-18.026460
151.943463
12.480783
27.735878
-18.098726
22.784588
15.388889
56.019469
21.024116
39.225564
-18.043165
18.540580
44.763636
-18.026230
30.463768
11.820408
19.375084
-18.071429
26.760073
18.070588
13.754545
167.259786
-17.205556
30.492058
35.847588
24.483582
-0.526879
17.498113
10.291489
10.780488
10.839628
41.218750
14.645183
30.368817
22.893939
10.433566
-18.054849
-6.312898
21.116438
46.235135
19.745255
16.707692
14.402564
13.705941
11.567797
-17.933333
-18.033333
43.961566
42.002817
16.497411
15.783578
19.681818
26.145161
18.113907
22.924324
12.171698
22.257143
15.874074
21.641558
12.275887
145.695364
14.366667
30.133333
8.204040
-18.057093
38.342857
41.460784
-5.988762
20.982051
19.604947
34.456811
31.007591
13.693151
20.531293
27.389474
26.292982
-3.563559
25.843662
15.252459
9.620295
33.843945
21.200000
-18.095960
17.867442
33.703406
-18.076471
34.489964
37.583582
17.515385
26.538516
16.449367
18.774377
-18.038754
20.173693
26.633333
28.233333
25.007071
22.642336
17.822535
22.880812
56.006977
37.498294
-18.012658
12.197050
15.790476
11.703468
41.784962
8.281818
-18.054896
15.607692
12.923529
8.827027
37.755052
23.324567
11.429787
19.489251
31.823077
15.456478
46.784775
25.022535
56.086142
40.703953
14.797411
36.402166
9.341935
15.588312
166.666667
43.918750
24.659386
33.121285
28.693548
20.722383
31.949084
23.466667
26.574074
28.836913
14.255631
21.902703
28.269697
23.993548
10.715385
19.542336
8.311847
-3.422515
12.401083
14.494268
16.474074
29.161111
15.027044
16.052941
26.565398
9.033333
13.416561
24.928352
16.486411
30.600000
14.106931
23.748428
20.642907
26.424567
19.342466
25.036364
18.670732
20.530178
40.728169
14.784810
30.730769
42.038686
23.894495
44.667774
35.949573
23.259712
82.931413
174.904943
-18.079439
12.264706
26.528571
30.534014
15.794891
18.302564
31.764789
16.814498
14.730721
31.633333
31.131293
16.784588
22.458940
24.028571
17.006897
13.730178
18.430070
28.797070
60.567363
22.149258
15.941270
20.702703
10.704702
16.853012
27.085324
39.329412
44.174510
19.867742
26.700000
29.508081
24.848428
42.264798
-27.740498
204.819277
27.102703
20.901375
28.834114
24.719298
14.325503
23.907071
75.110504
56.075000
13.428571
29.787970
25.324567
86.263793
20.833333
20.033096
59.226580
25.271378
12.300687
21.492308
59.536861
26.629932
25.478595
172.535211
27.550000
25.222383
-12.356414
58.489474
29.722605
30.866667
56.022388
158.490566
17.116181
159.574468
17.529932
172.661871
27.697411
75.033784
27.064948
35.251685
24.275896
30.515873
47.700000
12.878287
25.638516
20.126573
19.003909
169.014085
24.691815
38.642857
23.938889
56.057143
26.963694
28.466667
24.306601
34.980812
32.126866
56.066476
24.374593
24.667742
17.302649
56.034884
20.945183
33.886260
187.500000
17.839550
30.500000
56.075472
30.674074
28.618868
56.438138
31.674074
19.699291
183.870968
59.986179
17.485714
13.969301
13.637736
27.321986
-18.072934
199.346405
15.378481
28.186411
21.728571
38.275439
27.342466
19.411960
19.864789
-18.094704
24.051163
20.620561
56.033333
23.461006
19.375896
35.758209
27.638516
11.558824
24.511960
77.456623
13.200313
56.090647
22.305051
9.268263
23.309779
25.964789
10.864865
18.782428
32.606897
43.233333
149.492922
32.933813
11.584663
22.650534
15.984663
32.881481
56.087879
18.037276
35.337801
26.716352
21.823077
18.410701
21.048408
26.463768
13.197050
26.781208
18.254984
30.306780
31.953047
95.331818
19.333333
198.051948
44.072810
212.209302
13.678287
31.853047
19.786081
204.402516
21.787540
63.332759
72.893478
37.766914
16.923077
72.198649
43.936691
11.992308
19.606931
30.455932
56.075177
228.873239
26.364360
39.654023
21.841935
36.926866
82.685338
32.349296
28.706271
199.356913
30.022383
31.622383
56.015789
35.261111
41.336803
221.538462
236.593060
18.649367
26.857895
36.188525
26.785915
76.478720
29.563636
56.085401
74.334932
30.992334
281.879195
39.568493
24.603909
87.798689
19.934114
20.955932
99.523134
42.985915
297.188755
36.205654
17.237801
26.737102
18.607261
27.103089
42.915254
22.807692
28.031293
179.930796
61.992349
28.432959
29.842336
196.022727
94.057224
29.112088
16.187654
20.547826
56.082550
342.857143
26.966667
31.566914
93.744118
289.036545
31.724324
27.250000
19.911960
94.140909
67.836142
24.841270
75.043870
317.880795
37.181967
111.023606
16.854984
22.607430
27.016129
304.615385
14.992705
19.074074
38.436364
84.031818
16.592308
31.692617
341.379310
27.052941
21.661165
288.659794
27.278981
68.675926
305.841924
236.363636
56.082781
26.999346
34.728571
176.470588
64.887134
71.659434
16.246154
24.766038
33.384810
-17.945665
28.527044
281.786942
278.911565
33.032491
297.577855
17.496970
248.226950
294.871795
56.028302
36.567123
301.369863
19.692705
90.160105
68.676230
23.947682
347.826087
83.585235
33.193151
88.307025
22.402649
71.996468
87.459968
48.363415
83.171651
27.165517
11.120253
218.045113
363.970588
289.285714
37.226573
28.365060
10.023077
24.455205
22.714184
278.106509
207.482993
56.012541
297.029703
91.924074
188.888889
334.494774
302.469136
97.915517
43.239568
83.894737
19.224161
25.705735
56.094040
56.029730
17.220253
336.996337
19.027044
18.882334
23.675862
295.532646
21.512903
40.633333
27.242466
80.982283
25.060517
36.531148
30.065517
100.042958
255.255255
24.481481
28.437288
29.200000
41.020896
82.802542
346.405229
102.507576
189.591078
10.383688
105.488662
264.331210
29.040067
19.769799
23.946057
15.025166
37.364948
20.602703
22.519355
301.324503
30.750943
39.496970
179.310345
332.155477
342.519685
29.077316
220.779221
43.552239
19.741935
365.671642
70.245341
40.879710
26.856187
310.954064
46.828352
19.701235
91.539809
21.625581
24.951852
288.343558
45.094969
34.824116
30.907692
29.008251
42.297004
23.032432
27.670149
29.278595
56.093103
315.789474
29.021769
33.591241
34.314184
76.463043
97.309786
42.945946
81.416323
208.633094
31.797004
12.814286
251.773050
16.215152
195.804196
31.787970
300.341297
328.244275
308.823529
34.816129
77.232270
179.856115
235.849057
10.774593
43.290780
230.263158
348.360656
402.930403
21.328701
293.515358
25.883333
31.450000
332.116788
18.361165
80.748693
75.304902
112.598387
56.001661
93.017626
305.369128
30.689251
34.443662
286.624204
34.429932
302.405498
56.054422
110.904397
27.005296
23.790323
86.243548
308.823529
249.180328
289.473684
34.818567
260.135135
24.104950
288.524590
331.081081
71.389051
184.668990
281.967213
302.013423
323.943662
345.514950
35.061538
248.554913
44.914184
87.285117
50.206767
332.103321
182.080925
302.839117
88.510504
346.570397
340.425532
82.251661
56.083333
29.816129
31.966667
285.256410
33.284211
365.671642
16.947239
314.487633
300.291545
56.057143
323.432343
37.467213
325.806452
277.602524
32.826866
281.879195
83.746587
313.993174
31.698221
42.257895
298.742138
124.548450
36.871429
30.801235
362.989324
337.931034
340.067340
339.285714
