92.526690
-14.875926
-18.085185
-17.971429
86.642599
-17.886093
-17.914676
105.263158
-18.585906
102.362205
-27.433934
-17.672222
-18.722222
-19.147541
86.505190
-18.069373
-18.090446
-22.160450
83.623693
-27.183871
100.358423
-24.348974
-18.040230
-20.975610
-17.847853
101.818182
-22.210526
125.560538
-17.909677
-24.119760
-17.862937
-21.103390
-18.048315
-17.900000
-17.962264
-17.957554
-19.310368
10.091188
-17.973427
-23.150307
-17.988199
-17.948315
95.070423
-17.907018
-17.931183
-17.952318
-18.057534
-19.134940
-17.974497
-17.954054
9.364093
-20.275884
-17.924561
-18.044304
-17.810526
85.889571
-17.928302
-17.953392
-17.873134
114.173228
-18.024675
-15.265613
-17.834483
-17.914286
-14.268519
-18.061538
-17.966343
-17.926230
-18.023729
-18.096091
-1.435276
-18.054676
-17.930201
-17.900000
-17.875000
84.375000
-18.010749
-17.908725
98.412698
-17.844304
-17.954373
-17.907018
100.000000
-17.938835
-18.083333
-17.971429
-18.069930
96.885813
-17.907348
-18.077465
-17.894389
-18.013595
83.003953
-18.017610
-18.052663
110.714286
4.803414
-17.909225
-17.998625
109.489051
-18.025926
-17.891318
-9.063559
-15.554651
115.107914
-17.882609
5.251859
-18.077465
-17.983871
8.127835
-18.010811
-19.240523
-17.964174
-17.833333
-18.077617
-18.095053
-14.007534
-16.325676
-17.983333
93.862816
114.503817
-18.053584
-18.035052
-18.047541
-17.939716
110.344828
-17.976190
-17.904651
-17.897834
123.188406
-17.910526
-18.092079
-18.004478
15.559184
-7.652589
-17.959649
-17.907904
-17.843260
-18.035821
-9.157692
-18.031915
-12.198315
115.384615
92.000209
-17.980495
93.247588
-13.526923
-17.919868
-18.037931
-18.010631
-18.055556
-17.940523
-1.625926
-17.913559
114.173228
-17.977039
8.628352
-18.055556
-17.912030
-18.048974
-18.009969
-17.989299
-17.982192
90.301003
-18.048951
-18.040845
125.954198
-17.968627
-17.935640
-17.983333
-13.023427
113.553114
116.838488
105.095541
-18.092308
-17.971429
-17.971478
-17.978014
-17.900000
-17.921053
-18.099642
-14.898951
18.833813
13.033333
-18.088372
-18.033333
-18.037931
10.335570
23.309091
-17.938762
9.045324
-9.503420
-17.907937
-9.042739
-7.773729
114.093960
-17.907937
-17.804918
-17.963091
-18.027586
-18.080645
-17.915412
-17.972789
-18.032432
9.075439
-23.952542
-18.093399
-20.007295
-17.993939
-17.966904
-17.977049
-17.958730
-18.080822
10.928522
11.178277
9.106931
-12.409441
-18.061111
14.357576
-17.994059
-18.011331
-18.017073
10.737809
-18.061538
-18.028956
12.735115
-17.979817
-8.807534
-18.086093
-10.331433
-18.056338
9.719048
-17.958065
26.966038
-17.973171
-18.004918
9.971429
10.081818
-3.775926
-17.908609
9.738028
15.272085
-17.903390
9.110753
-18.031507
-15.562030
17.303150
87.837838
-17.977039
-18.066434
15.419380
21.950187
4.098201
-15.590614
19.881818
14.071242
-17.982192
8.721769
27.301107
-18.035294
-18.092929
