-0.179384
-0.334850
-0.537489
-0.769796
-0.949576
-1.120329
-1.245272
-1.181301
-1.261904
-1.429183
-1.726670
-1.804163
-1.947844
-2.053414
-2.365583
-2.521115
-2.690114
-2.842317
-2.967912
-3.042313
-3.280671
-3.381854
-3.469624
-3.612696
-3.746397
-3.888206
-4.052035
-3.756351
-3.864868
-4.146536
-4.140725
-4.223555
-4.196849
-4.311591
-4.401705
-4.422263
-4.529145
-4.520070
-4.556603
-4.571190
-4.615805
-4.536723
-4.569828
-4.678375
-4.719746
-4.854684
-4.841459
-4.922514
-5.013591
-5.020780
-4.975371
-5.004876
-4.979485
-5.038779
-5.098602
-5.288947
-5.214341
-5.247730
-5.275170
-5.402867
-5.372521
-5.405626
-5.348225
-5.348243
-5.326483
-5.438833
-5.594333
-5.604078
-5.660275
-5.672633
-5.797060
-5.718636
-5.735695
-5.668338
-5.789905
-5.911256
-5.934104
-6.054051
-6.178130
-6.177792
-6.115058
-6.125477
-5.844963
-5.882539
-5.966825
-5.845465
-5.841710
-5.964057
-6.014541
-6.031671
-6.151301
-6.167424
-6.071710
-5.974009
-6.123423
-6.070474
-5.900057
-5.771049
-5.795189
-5.639317
-5.704646
-5.744704
-5.760494
-5.745436
-5.626018
-5.656083
-5.588353
-5.545322
-5.594466
-5.617507
-5.619089
-5.572623
-5.708192
-5.782443
-5.725299
-5.551154
-5.680505
-5.710025
-5.757480
-5.579985
-5.387139
-5.377544
-5.355069
-5.362994
-5.306722
-5.434655
-5.415547
-5.234678
-5.143607
-5.249802
-5.227909
-5.255564
-5.187426
-5.048031
-5.032077
-5.034414
-4.953828
-5.058330
-4.923351
-5.001733
-4.987996
-4.857552
-4.706921
-4.535350
-4.516301
-4.650817
-4.617798
-4.626643
-4.515739
-4.562907
-4.568111
-4.571476
-4.593690
-4.550889
-4.261266
-4.313135
-4.200906
-4.192730
-4.034735
-4.092401
-4.075772
-4.012305
-3.951004
-4.091595
-4.067298
-4.037265
-3.963194
-3.908968
-3.915632
-4.057365
-4.228060
-3.953428
-4.094873
-4.145928
-4.092840
-3.963340
-3.989193
-3.978659
-4.028978
-4.092399
-4.045787
-4.023063
-3.948494
-3.906843
-3.920155
-3.903540
-3.846953
-3.857343
-3.731501
-3.688293
-3.565543
-3.592849
-3.628000
-3.599654
-3.531589
-3.339461
-3.340400
-3.290898
-3.362074
-3.245333
-3.168202
-3.156832
-3.217450
-3.216384
-3.210790
-3.474134
-3.461330
-3.466419
-3.339603
-3.252115
-3.364544
-3.321978
-3.288573
-3.267538
-3.105893
-3.064268
-2.990429
-2.900970
-2.801748
-2.707168
-2.696352
-2.795133
-2.622960
-2.576231
-2.528068
-2.586936
-2.607284
-2.542533
-2.451131
-2.403727
-2.260640
-2.221262
-2.178388
-2.051151
-2.209737
-2.266542
-2.157876
-1.884146
-1.848894
-1.736540
-1.707238
-1.588109
-1.530364
-1.694795
-1.623923
-1.483022
-1.287140
-1.230580
-1.251544
-1.228239
-1.153022
-1.098256
-0.967820
-0.946918
-0.846540
-0.810183
-0.774649
-0.679117
-0.626721
-0.629365
-0.606001
-0.273816
-0.323552
-0.270563
-0.200844
-0.190912
-0.195862
-0.026080
0.118698
0.076209
0.115732
0.202879
0.342486
0.337592
0.383766
0.558530
0.671869
0.702713
0.746893
0.717024
0.768548
0.881328
0.908853
1.077327
1.108785
1.135603
0.945094
1.111281
1.167844
1.236508
1.330657
1.351157
1.481838
1.464175
1.510563
1.532393
1.583490
1.706580
1.430321
1.462894
1.626137
1.774497
1.826590
1.786450
1.846916
1.852035
1.571470
1.580096
1.664942
1.784387
1.906453
1.869253
2.026652
2.121729
2.125348
2.241539
2.276624
2.360288
2.286956
2.291047
2.409382
2.451725
2.513207
2.606834
2.733727
2.684241
2.891382
2.923845
2.952788
3.028415
3.140901
3.285130
3.177625
3.283162
3.364330
3.470278
3.513614
3.298849
3.329241
3.369490
3.435406
3.603010
3.662215
3.647271
3.714850
3.896854
3.958706
4.119365
4.045137
4.220917
3.998559
4.062445
4.112969
4.245867
4.347674
4.297586
4.355451
4.132362
4.204512
4.409999
4.492929
4.483916
4.722135
4.749778
4.792637
4.831267
4.842004
4.613005
4.933810
4.957010
4.960946
4.936337
4.700530
4.899102
4.944550
5.238328
5.358909
5.429567
5.723397
5.800637
5.918190
5.979340
5.998801
6.070941
6.165073
6.555302
6.636882
6.788265
6.926103
6.997287
7.052678
7.099904
6.999939
7.070127
7.038719
6.899525
6.651240
6.765783
6.771119
6.908408
7.005936
7.083096
7.014694
7.066288
7.105602
7.109800
7.160539
7.360185
7.538113
7.730870
7.778802
7.916224
8.038680
8.155626
8.290149
8.277867
8.282980
8.291894
8.525884
8.581209
9.132101
9.092137
9.145828
9.318151
9.223266
9.209269
9.329902
9.575099
9.600181
9.629341
9.411575
9.509990
9.423771
9.442632
9.375054
9.031246
9.235194
9.319009
9.313720
9.479012
9.645086
9.745695
9.864341
9.926728
9.903037
9.971374
10.159612
10.316992
10.330718
10.124085
10.169571
10.206411
9.923770
9.949901
10.009069
10.024617
10.116219
9.879596
10.084561
9.684611
9.706821
9.712512
9.787293
9.834750
10.153508
10.248532
10.147998
10.058847
10.212262
10.442008
10.575296
10.671346
10.273061
10.266361
10.375878
10.496953
10.757813
10.901504
11.073208
11.166777
11.130574
11.121830
11.060313
11.094131
11.074427
11.144523
11.268578
11.302816
11.346854
11.455129
11.431768
11.462287
11.442950
11.542675
11.574789
11.688112
11.888761
11.908884
11.895758
11.966341
12.407331
12.473535
12.616314
12.672943
12.722000
12.743876
12.894356
13.129946
13.180745
13.265856
13.307452
13.272722
13.310753
13.218212
13.344341
13.384497
13.469016
13.503417
13.528236
13.434036
13.426271
13.100810
13.277874
13.315964
13.289989
13.321121
13.636743
13.732209
13.744813
14.321807
14.195108
14.137623
13.885134
14.188913
14.214775
14.501610
14.523571
14.550820
14.726135
14.705563
14.828748
14.919723
14.590324
14.732128
14.818190
15.069599
15.479710
15.482193
15.677977
15.614638
15.788508
16.143623
16.141744
16.174264
16.133986
16.310153
16.271091
16.220288
16.259153
16.663874
16.736844
16.685965
16.669021
16.697997
17.149370
17.172964
17.035924
17.075029
17.287356
17.255942
17.486577
17.493737
17.463118
17.508432
17.935533
17.903765
17.892449
18.006949
18.015821
18.094936
17.951372
17.865945
18.003058
17.933897
17.944982
18.084633
18.318139
18.343188
18.345739
18.450615
18.475226
18.645641
18.748267
18.644605
18.678961
18.993001
19.008778
18.960207
19.051793
19.069227
19.096249
19.221999
19.105929
19.162211
19.091289
19.165301
19.200188
19.424106
19.434390
19.365816
19.408730
19.457101
19.563696
19.640752
19.892612
19.931911
19.892029
19.841991
19.462714
19.369990
19.384592
19.487056
19.462510
19.462885
19.437656
19.557033
19.461073
19.607614
19.501237
19.537462
19.568158
19.593325
19.901249
19.932256
19.943326
20.129123
20.201053
20.112826
20.130764
20.277628
20.183515
20.344048
20.390449
20.524104
20.670222
20.722258
20.889943
20.871871
20.949652
20.896876
20.942417
21.057745
20.922685
21.156700
21.412655
21.311298
21.239392
21.260346
21.334835
21.270120
21.318969
21.217279
21.377440
21.652807
21.688680
22.506737
22.669378
22.546522
22.501021
22.467150
22.364444
22.286498
22.276570
22.747063
22.684911
23.014374
22.988961
23.022024
22.984696
22.967870
22.809631
22.749027
22.805223
22.714471
22.834614
23.446973
23.684497
23.694496
23.725962
23.736539
23.825898
23.830816
24.146579
24.427780
24.535377
24.485988
24.465895
24.371930
24.466934
24.608126
25.563989
25.615420
25.843863
26.776262
27.209135
28.019755
28.061267
27.995347
28.049324
27.924106
27.707120
27.751474
27.761402
27.828199
27.833084
27.906149
27.917411
27.817462
27.832621
27.761626
27.595023
27.627466
27.618192
27.679589
27.709617
28.316625
28.254092
28.089016
28.404263
28.503987
28.433420
28.685480
29.077404
29.829899
29.769545
29.710795
30.088036
30.271591
30.383185
30.880842
31.505606
31.380908
31.317805
32.219701
32.989861
33.638791
33.595083
33.662414
33.742332
33.722108
33.804220
33.766964
33.573559
33.690364
33.740759
33.749472
33.562623
33.651843
33.666185
33.487030
33.362652
33.232216
33.215137
33.676623
33.558887
33.562281
33.609247
33.799615
33.749538
33.750265
33.553303
33.486201
33.223365
33.137490
33.274488
33.168203
33.306856
33.244184
33.329759
33.337274
33.357642
33.691536
33.677871
33.472337
33.337429
33.215484
33.947864
33.988052
36.047111
36.482779
36.981215
37.545844
37.371039
37.665209
37.684383
37.849442
38.587722
38.509345
38.420279
38.374130
38.188529
38.338626
38.414407
38.816673
39.344176
39.268346
39.771829
39.746897
39.525111
39.551147
39.716500
40.712969
40.641809
40.611224
40.454278
40.610120
40.506545
40.452364
40.796907
42.254987
42.722000
42.664199
44.577771
44.418438
44.356553
45.816936
47.570267
48.151351
49.845782
49.727720
49.581235
51.516524
51.354778
51.208319
51.126399
50.924864
50.912978
51.316682
51.982510
53.998828
54.081648
56.425072
56.329218
56.448217
56.896426
57.493622
57.653540
57.966119
60.058743
59.689954
60.428938
62.859843
62.513016
63.606203
64.348368
64.989223
64.669051
66.890554
66.635819
66.752865
66.523195
68.471903
70.513529
71.697143
71.862671
72.934038
72.522457
72.694896
74.182352
74.278734
78.201978
78.023349
78.789628
78.924466
78.528642
78.053979
78.302278
78.016516
77.443364
78.983081
80.081146
81.665092
82.373871
84.186477
84.675425
84.299177
84.777123
88.258019
88.181454
88.898127
91.029371
93.588118
93.143827
93.010504
93.743918
95.625428
95.114126
99.986502
100.680527
100.342765
106.841337
106.434878
107.978863
110.349535
110.064825
109.198433
111.057482
114.636577
121.252212
122.128256
128.546973
128.065814
127.843018
134.397588
134.821780
134.436386
133.551360
133.211155
138.160023
141.108592
140.448524
141.200243
146.224037
151.143911
154.486988
158.263126
157.523690
158.755805
163.308234
168.007534
174.453459
179.045914
178.014226
179.714473
185.834328
187.101216
190.333547
190.163876
193.777711
197.552803
198.390127
197.251513
202.068543
207.175865
211.129531
215.569402
219.807023
217.631932
217.333562
220.234598
225.981252
226.674719
231.260777
229.948022
234.788899
235.628814
239.842612
240.563654
241.188473
244.326816
246.157937
247.375730
247.971282
252.217763
250.758096
255.113796
259.471176
262.782555
268.342730
272.272632
275.250894
280.681385
284.360557
288.727319
292.262570
296.201595
300.030990
304.734681
308.285415
311.694061
314.812781
318.602502
323.199477
326.519736
330.060339
333.597511
338.015536
341.440332
338.462250
341.504749
346.034701
348.944200
351.357831
354.350563
358.926057
363.458796
366.385003
370.214153
373.102667
375.979993
376.103061
380.318030
384.091850
387.158746
390.214430
392.842680
395.771915
398.414477
402.366332
404.382596
408.499770
409.057100
408.730529
411.697129
410.148354
412.670460
416.562755
419.616671
422.479450
426.680655
429.183828
426.582944
430.796115
433.376846
437.699077
440.473607
443.299885
445.320193
441.946181
442.092949
445.811019
448.869332
451.535967
455.232608
458.241992
461.006347
462.570747
466.228039
466.310978
468.548800
470.643180
468.466635
471.405780
470.309134
474.136043
476.848787
479.148577
481.310937
483.683190
479.073773
481.184021
483.431031
485.803691
488.145634
490.395808
494.276849
495.933285
493.500335
496.398021
498.808185
500.829366
504.565072
506.987368
510.545494
512.869553
514.631047
516.938477
514.527677
516.562217
518.552733
520.898477
523.165234
521.768471
523.765827
526.165578
529.704922
531.527496
533.562290
529.182752
525.849487
528.200881
530.467974
532.121628
534.495844
536.664988
538.421259
541.897047
544.095727
547.272769
550.491042
553.525131
556.498880
551.388646
553.216668
556.328502
559.313217
562.295084
564.005617
564.969071
568.176381
571.267617
566.885010
568.667817
571.890138
573.332044
574.698918
576.423675
579.207439
581.879364
584.635570
583.323635
586.026399
588.812135
590.516699
592.926532
594.222337
593.440625
596.279219
598.764427
600.062443
602.416818
604.736650
607.205284
609.925231
611.217627
612.007735
614.453657
616.744121
619.263679
621.538043
624.281662
625.251619
625.668481
627.989797
630.117899
632.403720
634.773682
637.287946
639.307066
641.494995
643.316046
645.432885
647.714556
649.792411
652.120487
654.350282
656.453779
658.544241
660.678799
662.494011
664.329071
666.394780
668.281832
670.563014
672.521384
674.046170
675.846708
677.563241
677.982359
679.843535
681.337100
681.804650
683.934604
685.930258
687.553955
689.308416
690.869331
692.558638
694.340052
695.744651
697.451205
699.002693
700.527666
701.827389
703.206115
704.559054
705.326818
707.091550
708.470635
709.736928
711.088559
712.566673
713.997007
715.383037
716.757206
718.385634
719.888778
720.081316
721.531503
723.008188
724.217106
724.079627
725.091831
726.654913
727.934364
728.134050
729.642710
730.701283
731.903270
732.102119
733.533098
734.878767
736.094980
737.437030
738.517659
739.469483
739.234583
740.524237
736.925995
738.121735
739.367517
740.274842
741.379094
742.626303
743.674040
744.573299
745.629566
746.928271
747.991988
749.059068
750.200478
751.429473
752.379178
753.288386
754.607502
755.734427
756.506083
757.731022
757.521264
758.448051
759.446571
760.248105
761.502624
762.399598
763.101602
758.852368
759.834845
759.626321
759.440613
760.944207
760.727297
761.746024
761.473551
762.532815
763.602487
764.807462
762.284251
763.174409
764.051165
764.906653
766.123587
762.064060
762.866420
764.004755
764.887708
765.693831
766.532893
767.401564
768.723548
769.736313
770.538949
771.445560
772.484104
773.535263
774.691911
775.334992
776.100642
775.481165
775.215343
776.073190
777.141458
778.114043
778.984903
780.075054
781.145303
782.163850
782.934212
783.953869
784.930331
784.579454
785.699659
786.416663
786.024028
785.646584
785.376703
785.982936
786.931107
787.619796
788.764598
789.429952
790.205652
789.457187
790.417615
791.219439
792.124245
793.112002
793.960882
789.570781
790.232074
789.543435
790.058000
790.958420
791.770836
792.781128
792.431432
792.011107
792.901996
788.903592
789.809556
790.487460
791.463586
791.432340
792.508016
787.667902
788.347223
789.088250
790.335368
791.346014
792.233554
793.133219
792.786123
793.492262
794.180339
794.922536
795.657311
796.594738
797.339790
798.183392
799.176558
800.211793
801.187675
802.047798
802.978320
803.772537
804.529812
804.148785
805.179297
806.046504
806.964039
807.546399
807.043585
807.827149
808.654878
809.352329
810.196806
811.189837
812.038939
813.112550
814.032424
813.602875
814.399846
815.058848
814.571739
815.395022
816.178071
814.199638
814.982641
814.485259
812.503659
813.390622
814.157716
814.835139
815.714787
816.506640
817.296573
818.353607
819.499071
820.369081
820.957390
821.808816
820.861088
821.494477
822.180532
822.762727
823.659100
824.591509
825.331594
826.402278
827.180255
827.647452
828.462978
829.161348
829.870735
830.576027
831.459267
831.995674
832.797718
833.747740
834.611263
835.211150
835.764039
835.096519
835.766554
836.505889
837.377830
838.013051
837.472353
837.835630
838.590273
839.051371
839.272857
839.777128
840.524357
841.359114
841.971522
842.323807
842.926569
843.336303
843.936940
844.596571
845.320605
845.891399
846.601485
845.773804
845.501604
845.722588
846.204362
845.551671
846.151154
846.678643
839.311793
840.055675
841.031118
841.679807
842.107009
843.095939
842.454362
841.809396
842.604302
843.094259
843.712316
844.185193
844.890341
845.299438
845.601444
846.336429
846.765065
847.254414
846.524829
847.059581
847.520985
847.906775
848.104707
848.796660
849.465694
850.035037
850.609686
851.303590
851.878554
852.427768
852.752491
853.388966
853.735076
853.918725
854.588538
854.891653
855.216736
855.778569
856.225783
856.545525
856.720070
857.051869
857.415351
857.808197
858.031115
858.507804
859.012726
859.507599
859.789523
860.189627
860.511731
861.027614
861.394338
861.997394
862.289420
862.837526
863.334151
863.826809
864.139541
864.713146
864.869014
865.202324
865.449301
865.580808
865.852000
866.420480
866.659275
866.918682
867.177496
867.503721
868.002683
868.508657
867.406011
867.744951
868.058502
868.425917
868.432658
868.746331
869.250868
869.880359
870.425555
870.533300
871.400967
871.831957
872.174638
872.375891
872.743132
873.081701
873.414884
873.901735
870.476367
870.905603
871.493547
871.877612
872.171836
872.607117
872.741046
873.161636
873.463019
873.726389
874.096125
874.480164
874.925362
874.951109
875.109598
875.521502
875.770287
875.945584
876.305128
876.299077
876.338086
876.489705
875.529083
876.090792
876.452884
876.710355
876.935252
877.254899
877.403350
877.818317
878.246134
878.628672
879.030386
879.257082
879.368511
879.387826
879.697948
879.685968
879.821108
880.089897
880.202998
880.670968
880.897259
881.055286
881.388733
881.644846
881.769397
881.888703
881.979816
882.401018
882.731008
882.973698
883.249961
883.620461
884.147257
883.365983
883.580324
883.581520
883.852705
884.098178
884.211196
884.622084
884.719864
884.866665
884.925998
885.423738
885.851501
886.201986
886.416966
886.790796
886.967888
887.121210
886.398262
886.639279
885.064099
885.527458
885.691183
886.074272
886.293529
886.535594
886.745238
886.673785
887.104047
887.322007
887.613787
887.896649
888.522682
888.960456
889.316851
889.636683
889.714316
889.966173
890.159511
886.440056
887.155655
886.313011
886.836881
886.977512
887.267737
887.450059
887.717559
888.066383
888.530719
888.769412
889.186718
889.467851
889.695172
890.098221
890.706238
890.174355
890.493612
890.952675
891.472149
891.674427
890.893389
891.276455
891.749690
890.691111
884.873874
883.981119
883.235734
877.487941
877.876062
878.398301
878.918318
879.645135
880.193684
880.382747
880.697920
881.173940
880.557500
880.765925
881.289266
881.815373
882.260219
882.816617
882.066883
878.558832
878.975244
879.503491
880.207456
880.710382
881.010278
881.609175
882.082084
882.441263
882.978850
883.571062
883.992351
884.292427
884.688503
885.238618
885.675232
885.944480
886.361035
886.821424
887.304210
887.869168
888.155476
888.616922
888.963752
889.448115
889.877634
890.447857
890.900379
891.255375
891.597821
892.068843
892.389155
891.495585
891.634629
892.011283
892.598170
892.946188
893.446726
892.703876
893.183837
892.185995
892.675136
893.063384
893.544750
884.772552
885.368827
885.634138
885.960797
886.311189
885.571584
884.806635
876.326569
875.744235
876.325793
875.640789
874.991043
874.327286
875.003013
875.654983
876.263433
876.843799
877.579361
878.145567
878.787112
879.141241
878.406082
870.959585
870.235761
869.891880
870.516962
869.603957
870.178918
870.803129
871.383097
872.093266
872.576334
872.157685
872.801108
872.112892
871.242283
871.873860
868.527964
867.920227
868.636025
867.809770
868.210672
866.923942
866.370352
867.288648
862.979912
862.394210
863.413268
863.073634
863.810897
863.292215
862.806776
858.266596
859.134930
858.639042
859.471651
860.334935
860.028456
860.752171
861.576649
862.380883
863.320074
864.238873
865.269485
864.086917
864.894048
865.907108
861.396552
862.414586
860.274475
856.630639
855.881473
856.643658
856.205443
856.003288
856.745255
857.317802
857.999624
858.787628
859.755752
857.290638
857.091216
857.953304
852.051823
853.082304
849.709189
849.506474
850.384409
850.053281
849.722789
841.615013
841.319585
836.838922
838.025532
837.599546
832.269217
831.756970
831.251597
831.191731
831.043581
832.399145
833.781153
833.505123
828.728137
830.038856
830.050830
829.563956
829.272536
828.753898
829.902359
829.710877
831.204768
832.525721
827.752562
826.351797
827.655279
827.933675
827.527649
827.405098
822.425871
819.286363
820.753499
822.000964
817.453586
817.489459
818.842565
818.713931
820.167792
819.120851
820.393642
820.437135
821.707763
819.020367
815.534189
815.563844
809.610458
809.431675
809.803469
809.980739
802.738566
804.457181
804.452262
804.405507
801.629750
795.112028
794.435593
794.348943
790.214511
786.707537
788.383462
790.217627
792.042451
790.126974
786.557515
786.229274
784.266092
783.524835
782.375374
775.502912
769.779655
768.215671
768.686010
768.928349
766.408069
760.353378
762.221844
759.596308
760.230232
757.510260
759.547157
755.107951
755.789638
754.187549
756.287673
756.770856
755.411572
748.872093
743.018656
736.904389
730.766050
733.335389
734.420307
734.402764
735.217948
735.920901
738.078692
733.651785
734.559793
734.535236
735.000335
734.370937
730.983219
731.727694
732.651184
726.903815
724.283681
726.640844
722.030242
724.417939
726.847760
721.853127
719.327717
716.339829
712.955507
706.697384
700.531961
701.583761
699.104538
701.566493
698.195141
691.166093
684.381718
678.013825
671.282394
664.687296
658.204064
651.687938
645.108428
638.691063
632.276105
625.930081
619.697751
613.505525
607.514164
601.572248
595.577078
589.745213
583.860446
577.984071
572.144611
566.508288
560.855601
555.375509
550.128746
544.839715
539.429129
534.109206
529.270992
523.953589
518.686237
513.900538
508.856656
503.582781
498.686190
494.148034
491.062553
486.332092
481.632854
477.149423
472.538539
468.015279
467.163216
462.695043
459.055526
457.667954
453.651625
449.293095
446.483099
442.204394
437.870255
433.612444
429.836954
425.851660
421.793153
417.824756
413.826295
410.051893
406.420588
402.175987
398.359283
394.195236
390.070610
387.904150
386.021216
382.405414
379.049830
377.225832
373.663631
370.128210
366.903745
363.422259
359.899742
356.528938
353.523875
350.475493
347.161706
344.223427
340.931072
337.801278
334.735603
331.675416
328.900021
325.703635
322.739481
319.607786
316.971835
314.073368
311.140056
311.706327
309.523977
309.599066
310.311517
307.367137
307.352878
304.520703
301.562496
298.808881
296.259201
294.647212
293.191752
292.313797
289.846534
287.327205
284.776769
284.781747
282.192211
279.798871
278.412265
275.942909
273.509890
271.184570
268.705133
268.034253
265.541561
265.412876
263.319395
260.860570
258.465751
256.180637
256.245710
256.480782
254.198200
255.095403
256.040282
253.663310
252.242536
250.280227
248.137093
246.026708
246.120096
244.162229
242.271457
242.364770
240.006872
238.390872
236.600361
234.459852
232.349677
230.221605
227.999354
225.844902
223.714694
221.967381
219.858264
217.943181
216.033591
213.966327
211.930410
209.902880
207.872089
205.874675
203.894029
202.233690
200.321195
198.399052
196.883017
195.419487
193.561143
191.740056
189.985379
188.762556
186.948748
185.227004
183.853991
182.120975
180.493441
179.467150
177.887537
176.244298
174.653201
173.194398
171.604620
170.020692
168.707401
167.145786
166.681503
165.250702
163.729961
162.523189
160.999798
159.762111
158.337214
156.855866
156.212378
155.198781
153.851723
152.508602
151.146582
149.449264
148.567788
147.254748
146.149036
144.770775
143.616324
142.333368
141.166974
139.900353
139.129025
137.991577
136.758939
