-17.938434
-15.725926
-20.598765
-23.768182
-18.747834
-18.024834
-13.614676
5.151822
-9.241611
-17.989764
-31.177928
-9.475926
-16.172222
-12.504918
-33.270242
-17.918819
-19.421019
-17.910450
-15.401742
-10.408065
-26.878136
-13.398974
-12.158812
-17.776829
-16.982822
-17.927273
-20.271053
25.516368
-14.608065
-32.031737
-3.565385
-12.423729
-1.552996
-15.671053
-13.322956
-6.457554
-15.110368
-3.621648
-8.173427
-6.015337
-9.032609
3.292322
-7.847183
-15.424561
-8.815412
-18.213576
-3.532192
-12.946988
-14.030201
-5.732432
-0.479923
-7.925884
-2.465789
-10.908861
-11.021053
-24.133129
2.171698
-8.553245
-7.991791
-18.044882
-2.368182
-8.683086
0.334483
-5.350000
-3.172222
-16.561538
-20.988835
-6.568852
-11.223729
-6.896091
-18.115337
2.045324
-7.424497
1.000000
-17.825000
-17.925000
-8.196091
-17.928859
-18.461905
-6.144304
0.095627
-7.157018
21.925926
-9.602589
-14.311111
6.169173
-5.469930
-18.076471
-11.012460
-7.727465
-17.994719
-7.763595
3.403953
3.698428
-20.915385
-0.828571
10.971285
7.000738
-8.185052
9.791971
-12.172222
-9.710450
-7.323729
-4.254651
6.196403
-8.632609
1.116914
-1.285211
-10.459677
-7.898625
-5.775676
-0.972549
-19.129439
-13.133333
-0.068051
11.689223
-18.486301
-8.632432
-10.455556
11.992058
13.704580
-4.427645
-3.130069
-6.147541
0.264184
-18.100000
-3.523810
12.671318
3.872383
-15.763043
-3.060526
-7.993399
1.558209
8.752041
-3.452589
-5.265789
3.024227
-15.404075
8.439552
-12.761538
-3.628014
8.056367
10.205594
12.450209
-2.630495
-17.967846
-1.348951
-5.502318
6.463793
-9.232558
-5.083333
-4.904575
-6.792929
-0.313559
24.411417
-9.448187
6.909770
-3.383333
11.606767
-9.801320
-2.429439
2.270849
2.117808
-18.010033
-1.661888
-1.064085
3.369847
1.459477
-4.575433
-18.088889
-21.126923
23.235165
-18.097938
-9.200318
1.162821
8.857143
-6.548625
-2.935816
-9.010526
-10.371053
0.568817
-1.773427
3.433813
0.216667
-5.238040
-2.258730
1.755172
-4.885906
8.726860
0.589251
8.586691
-6.296091
-7.107937
-0.793399
3.206780
15.681208
-3.433333
1.609836
-10.408517
8.312069
4.467742
-2.031183
-9.218707
-3.110811
-2.657018
-29.545157
-2.193729
-3.970213
9.215152
5.409253
-14.495082
0.892063
0.018493
-1.185052
12.897004
1.056601
4.319580
5.955556
7.021212
6.656271
-1.625637
-12.574390
14.422085
2.050000
2.240067
-8.414885
-4.621713
3.867808
6.597682
2.289251
11.904930
1.677211
2.066129
10.545283
-17.909756
-7.890164
8.600000
25.215152
1.641077
9.386424
1.193662
10.205654
4.186441
-17.973477
5.392466
12.466165
18.105118
4.368919
-3.327039
1.079021
6.293411
4.323596
11.945324
1.122355
9.090909
2.789216
2.743151
8.778571
4.560517
-0.891176
1.707071
32.612500
-5.247436
4.975325
6.701375
0.792308
-0.685906
16.782353
14.451754
-4.130201
4.028522
8.830392
14.163636
-0.146988
4.955052
17.860145
11.892446
3.756271
5.120732
-2.240034
5.869355
12.046580
3.633813
17.756250
4.223171
3.790580
-17.915254
17.563793
6.767559
8.034219
10.651375
3.380723
14.419231
-0.284483
6.102941
3.693653
6.642058
13.892466
-25.919279
4.687589
17.787226
16.462069
6.983813
-2.187410
7.833121
2.358815
-26.204545
2.434114
10.064706
13.609386
13.991077
-1.813559
17.609091
11.534387
2.483657
13.744444
5.750000
10.642982
-4.972892
2.696057
14.124567
6.643662
8.600000
11.875862
15.296167
-2.214935
23.398361
6.137736
5.818085
10.515468
14.277044
17.563768
-7.465337
13.731293
11.400000
13.959133
7.803909
-17.962887
6.337970
7.354152
9.961165
20.195763
9.523529
2.167808
10.405190
21.915232
10.082090
20.024528
-3.303392
21.623077
-18.014791
10.387102
9.114894
17.402703
14.426573
-0.661111
10.084114
-17.953425
11.347368
24.753150
12.703047
3.591558
28.305882
7.486411
9.035689
8.655654
5.904950
-18.057912
36.693478
7.253846
5.350631
2.500000
-18.644304
24.557692
9.443945
34.322340
17.296416
12.424638
34.812625
13.447411
17.555932
12.033121
7.925503
13.212752
15.484211
45.187889
14.713345
21.775194
20.572085
14.044444
12.536396
11.775325
-2.896594
14.018750
3.929310
-6.880699
-17.928956
18.105556
7.299346
20.500000
16.661263
14.721944
0.242857
12.174074
10.997682
7.525439
12.183660
27.125177
25.152941
26.813879
12.524074
21.521012
20.161733
19.733333
21.607895
7.061960
8.789189
9.174377
31.690876
14.058389
63.670370
5.135714
14.461224
26.378169
-0.170336
7.823529
21.272605
33.849573
12.083333
12.516129
-12.147183
19.253047
0.888028
11.309966
2.684810
-25.005763
29.426056
17.616667
8.790141
25.842857
26.086411
19.706061
21.610284
16.103047
7.557627
16.736691
28.795161
25.897682
11.689550
-10.332609
14.672727
13.853521
-18.057669
12.536913
15.866667
11.563907
19.184775
-13.546091
30.376087
-29.910440
11.905670
10.275862
17.190647
14.533019
41.710526
19.655932
0.195082
1.232927
25.400358
33.186803
23.770896
20.180282
-29.157143
9.603012
21.218085
22.483333
36.582979
25.126866
28.071986
20.430070
7.546460
10.256187
4.970175
14.442063
9.123693
18.084114
23.550000
14.692336
15.706604
22.174377
9.119084
14.483657
9.528514
21.415517
14.754054
22.907042
31.753053
13.901049
10.596313
18.954054
56.065300
19.027778
26.751462
18.279211
17.578571
14.909665
27.791857
36.453390
18.209836
21.691781
17.425439
9.834483
17.075850
4.056627
25.831148
17.359935
21.836396
16.909091
15.985324
4.108197
12.657591
-19.119868
30.807190
17.086913
10.718493
16.403191
44.883333
23.183282
14.992652
71.444224
1.651899
8.446575
-11.111290
44.263014
16.775166
42.898258
16.697764
17.248408
32.082353
12.668874
27.024074
23.926271
-18.020134
28.770664
23.338312
39.959091
56.080758
15.727954
35.060653
9.344094
33.001587
51.300000
15.955696
19.393820
12.146392
33.750738
12.403960
11.190741
20.106780
56.731317
23.960811
11.649035
14.991503
19.566667
61.835235
19.508765
3.469024
20.946392
38.307774
14.145907
40.319466
18.202548
14.431900
21.994444
60.218584
14.758682
16.772180
29.342446
18.894203
25.927273
3.738525
9.408696
31.577211
11.087037
19.042308
31.910073
41.435294
20.823077
18.598221
28.833333
20.911733
35.516720
28.908209
8.382081
22.080189
50.082979
20.570732
14.151703
28.118750
20.795183
21.771505
31.671212
7.615035
24.734114
12.069965
26.492466
22.654054
41.591971
20.452564
12.576923
23.657261
24.245763
30.116667
27.269298
44.826690
23.822535
15.943689
14.888270
-18.085714
10.190323
20.830132
29.631081
17.032390
19.500000
16.940067
31.375325
9.960993
34.115232
8.969841
23.123810
22.607071
22.084775
50.385714
23.001961
21.039251
38.523077
27.322085
11.378405
21.906601
34.817123
10.866327
36.236842
24.984211
33.755932
35.135915
25.873770
37.490775
19.082699
28.650000
15.672054
25.450997
32.475232
7.551703
44.324194
46.752239
11.276923
14.120671
23.334810
28.709253
14.863322
26.155052
11.150000
37.233333
48.914141
25.240146
103.494366
38.770849
10.383721
17.996416
19.113924
12.196608
14.569841
21.293642
69.325940
16.531818
55.631157
20.473077
26.295356
19.289189
21.302091
7.143945
16.749291
28.368567
13.730037
34.728738
84.070588
47.199296
24.684457
26.841107
24.783657
32.672383
24.317742
55.407143
52.266667
35.187500
19.596416
22.476707
15.069355
33.872383
38.586081
120.194444
30.707071
48.459732
119.083788
70.063514
108.271212
32.170968
21.469231
33.393066
15.527526
6.225439
32.142599
28.744268
34.441077
28.316667
35.139623
29.032353
17.922491
29.333333
20.733121
11.101341
30.839373
26.700000
33.757921
30.682390
88.410381
22.063322
11.746575
59.613636
38.376655
21.447337
53.639437
67.877848
104.326923
23.794526
23.894495
67.434884
48.443590
41.430935
80.148885
93.357224
19.035826
25.070588
121.507483
109.235714
97.882847
29.267949
40.328169
41.654275
31.719906
41.933333
30.078571
14.426523
45.253974
38.729932
34.612069
15.064497
42.484615
35.086081
15.750643
21.049258
20.319048
31.524324
79.363793
21.903012
33.898294
38.258824
52.646078
28.791935
33.822222
14.054040
26.843082
7.202648
24.635826
46.837349
22.645946
47.033505
27.039632
41.801754
34.081208
35.374074
66.747059
32.325000
13.124490
19.981579
21.142907
106.453448
37.966667
239.893950
79.613941
86.326325
93.444158
20.065385
66.787956
39.582653
54.190301
111.677465
30.750000
29.602708
33.805394
19.814035
53.198276
45.916667
78.641045
91.566981
31.761165
89.616667
37.278571
17.568345
42.128641
56.086486
139.363402
33.597004
37.583225
24.916667
56.038462
30.252599
35.088516
74.906643
186.604886
88.956338
36.941815
234.021429
28.644444
38.229932
190.394904
221.150000
105.678713
217.594465
38.039552
35.079226
243.110098
35.341935
36.708940
43.016279
30.972924
49.736260
91.283333
117.899518
253.614286
62.280818
288.424074
46.839623
68.229129
101.269192
116.615957
73.485484
88.911382
267.228571
23.179787
133.588365
303.519504
28.177066
171.831699
137.822785
128.433798
32.972078
286.819298
41.417123
78.340365
43.785915
261.393925
272.634496
188.874922
88.250000
178.999371
31.775896
89.766418
221.440459
83.820588
466.603156
60.339073
154.651254
92.273381
39.342088
31.062275
102.883912
49.726056
20.701351
231.415016
188.789655
238.475758
152.542922
263.634532
133.081288
47.050534
132.093865
432.866667
80.601515
159.848746
302.022509
346.904088
49.159091
79.811439
166.351911
281.894928
44.495280
582.351678
169.389068
66.904237
750.200000
66.195455
260.833333
345.046104
81.878550
23.425581
295.103364
468.967025
776.200000
208.856604
764.000000
80.431034
105.786232
783.300000
176.816783
96.282432
45.933813
99.530769
628.098020
433.016949
75.101773
215.620423
643.579585
638.211494
485.451613
532.100746
84.319549
280.735211
613.998680
633.238264
812.600000
633.698917
75.877193
348.038889
791.700000
312.523077
510.334385
173.366456
551.547368
571.286885
281.285211
84.528720
678.954545
712.800730
602.542466
655.116551
639.331544
2.297945
187.794951
507.437079
794.900000
295.327966
685.280597
99.985211
714.035743
318.780389
657.008591
311.946820
303.045545
555.022780
427.438983
367.937179
306.930952
672.619377
106.251068
686.328090
690.851825
590.609091
818.800000
661.332967
570.098765
818.300000
648.598658
721.036735
642.252381
686.165056
679.141176
770.400000
659.808108
649.150000
623.566113
693.784848
778.300000
655.225397
680.580077
683.777483
775.400000
680.495167
43.632154
642.712074
794.500000
636.984615
590.307295
650.630976
811.900000
812.200000
656.079487
749.300000
659.065517
660.835294
388.286731
797.600000
757.700000
690.781481
692.727148
653.039394
685.766225
660.028105
793.600000
603.992734
816.100000
464.232704
376.400000
705.390566
256.819620
662.358960
801.900000
721.954296
705.894558
842.600000
676.997924
169.095455
847.900000
688.869231
865.600000
715.152055
723.101370
645.330699
107.918990
456.622951
813.900000
751.642292
715.532886
821.200000
756.171074
734.677483
617.446283
828.300000
474.521951
690.093146
677.986834
252.988608
762.381203
361.741176
853.000000
745.410490
706.827711
695.384615
718.536278
22.741489
690.098521
705.885034
720.697030
719.998020
713.162963
878.500000
659.920383
252.638272
783.268966
737.414388
700.926316
874.400000
746.794624
862.800000
742.951351
689.018987
745.373993
275.858491
717.981703
715.613793
753.127148
747.574194
383.488889
721.504110
763.740945
880.100000
711.962295
735.006897
95.608451
195.856306
760.988889
754.910169
695.833333
769.543284
751.410169
712.292157
886.000000
761.765056
861.800000
869.100000
853.900000
850.900000
45.475503
734.190852
864.400000
854.800000
857.500000
733.348387
660.350993
885.700000
877.300000
133.006897
745.165724
890.900000
716.080671
710.019481
747.174627
854.800000
846.400000
857.500000
453.442029
853.600000
864.600000
759.268582
831.500000
722.507006
516.051163
877.300000
844.800000
728.566038
835.500000
834.400000
851.600000
879.200000
739.164865
690.228358
856.600000
843.500000
868.700000
846.700000
895.900000
721.277305
666.937888
857.800000
840.800000
858.700000
869.400000
886.200000
839.200000
858.100000
823.600000
855.000000
873.600000
855.500000
882.600000
875.100000
864.700000
865.500000
872.000000
842.200000
846.000000
870.900000
855.100000
896.400000
866.400000
825.000000
854.100000
847.500000
719.475000
864.100000
829.200000
728.092157
894.800000
883.500000
848.300000
863.000000
845.400000
859.800000
870.700000
834.800000
866.400000
852.600000
851.500000
830.500000
839.700000
838.500000
781.335484
881.800000
845.000000
835.100000
844.900000
858.900000
855.600000
852.600000
852.800000
879.600000
868.700000
739.142623
865.100000
869.200000
843.900000
710.469231
825.300000
881.400000
854.600000
747.903008
879.000000
835.500000
850.900000
751.788235
875.200000
868.100000
856.500000
870.300000
845.500000
833.700000
715.979487
868.200000
380.700000
856.500000
862.700000
830.100000
850.700000
866.100000
847.400000
833.600000
850.200000
875.500000
853.300000
854.700000
863.200000
873.100000
846.400000
843.300000
885.200000
867.300000
832.900000
879.000000
736.755172
850.200000
858.300000
839.600000
885.700000
851.200000
832.600000
338.178273
857.100000
738.982443
741.055556
909.800000
739.253247
862.600000
734.498680
867.400000
869.500000
884.100000
512.486378
851.300000
850.850000
849.600000
886.600000
360.170948
842.300000
876.700000
852.300000
845.500000
849.600000
853.400000
899.600000
870.000000
850.000000
861.200000
875.300000
877.600000
889.200000
839.000000
851.900000
714.152941
748.899010
861.000000
882.900000
874.400000
865.200000
888.000000
887.100000
883.000000
859.200000
884.900000
881.600000
749.842623
896.600000
857.400000
747.153247
748.279585
758.658491
846.000000
880.800000
855.800000
902.100000
855.300000
867.000000
715.359170
885.500000
870.600000
881.700000
890.900000
878.000000
354.950779
855.700000
721.368182
841.000000
880.100000
872.200000
892.800000
757.811511
750.399010
881.100000
393.061538
879.500000
857.600000
888.100000
788.338996
899.000000
308.496552
855.600000
862.450000
913.800000
891.400000
880.100000
882.200000
758.423684
863.400000
862.300000
868.400000
868.400000
889.400000
871.100000
881.700000
897.500000
902.700000
897.800000
887.200000
895.100000
882.400000
879.500000
766.427148
907.200000
891.900000
897.800000
865.200000
757.265031
885.400000
890.600000
878.400000
893.800000
909.500000
896.100000
919.400000
905.100000
771.077483
893.300000
880.300000
766.347985
896.900000
893.700000
618.334700
892.500000
765.244410
616.325243
901.200000
890.100000
881.900000
902.800000
894.900000
895.500000
923.000000
932.900000
906.500000
879.200000
906.100000
727.036023
884.200000
890.100000
880.400000
912.400000
916.900000
898.600000
932.400000
904.200000
873.900000
909.200000
898.300000
900.100000
900.400000
918.900000
885.100000
912.200000
927.800000
920.100000
894.600000
890.500000
769.012074
902.100000
909.700000
923.700000
900.900000
783.943243
873.800000
913.300000
884.700000
861.200000
889.700000
914.500000
924.000000
902.600000
877.200000
902.600000
883.900000
903.400000
909.900000
917.000000
902.400000
916.900000
763.833333
818.553846
867.600000
893.900000
780.935246
905.500000
898.900000
109.993651
913.700000
937.600000
905.900000
884.400000
941.000000
778.938264
777.957746
921.300000
891.600000
904.900000
891.000000
914.700000
885.800000
875.500000
919.100000
889.200000
895.700000
774.295918
900.000000
893.200000
886.100000
867.700000
917.300000
915.700000
906.400000
907.500000
920.000000
908.800000
906.800000
884.900000
916.400000
888.000000
872.100000
920.900000
884.900000
887.400000
911.400000
900.500000
888.200000
874.000000
889.900000
893.400000
896.700000
880.100000
905.700000
909.000000
908.500000
887.700000
899.800000
892.400000
912.100000
897.700000
921.700000
891.200000
917.100000
912.500000
912.600000
895.100000
921.500000
880.300000
898.200000
889.900000
878.600000
892.700000
922.700000
890.300000
892.600000
892.800000
899.800000
917.400000
918.600000
758.244147
901.300000
899.100000
904.800000
869.100000
899.800000
919.200000
932.200000
924.400000
881.200000
957.300000
914.500000
906.100000
892.300000
909.100000
906.600000
906.400000
922.100000
531.364897
913.400000
929.700000
909.900000
901.300000
915.700000
886.000000
914.800000
903.300000
899.800000
910.700000
912.500000
919.000000
877.500000
890.800000
916.300000
900.400000
893.300000
911.900000
875.700000
880.200000
891.500000
780.427508
931.700000
912.300000
902.200000
899.200000
908.900000
892.100000
918.900000
920.600000
916.500000
918.800000
901.700000
890.400000
881.300000
910.400000
878.500000
893.200000
906.700000
891.400000
927.000000
903.300000
896.700000
914.400000
907.000000
894.100000
893.700000
891.000000
924.100000
915.400000
907.000000
910.600000
920.300000
936.300000
806.019926
904.800000
883.700000
910.700000
908.400000
895.400000
925.300000
894.400000
899.400000
890.800000
934.700000
928.200000
920.900000
907.700000
923.800000
904.500000
902.300000
814.826415
910.500000
729.121277
931.400000
901.900000
924.000000
908.000000
910.500000
907.500000
879.600000
929.700000
908.900000
916.500000
915.900000
950.500000
932.300000
924.600000
921.300000
897.400000
914.900000
909.300000
518.213987
958.000000
802.891228
938.700000
900.900000
916.000000
905.500000
914.200000
922.600000
934.500000
912.400000
930.500000
917.300000
912.200000
930.000000
950.900000
837.517899
922.100000
936.400000
942.900000
911.700000
813.570588
929.200000
938.600000
785.891803
308.967406
795.598350
809.442623
308.456463
916.300000
930.100000
930.400000
951.600000
934.500000
899.100000
911.900000
928.300000
819.529889
901.400000
933.100000
933.900000
926.300000
937.900000
807.843243
531.261765
920.200000
931.800000
949.900000
930.500000
910.700000
940.900000
928.900000
918.000000
936.200000
942.200000
925.700000
914.000000
923.900000
939.700000
928.900000
912.600000
927.600000
932.400000
935.100000
943.800000
916.500000
934.300000
923.300000
937.400000
932.400000
946.900000
935.700000
926.400000
925.500000
938.700000
924.100000
803.032155
905.400000
929.300000
950.700000
927.400000
943.000000
819.161702
940.700000
793.399666
941.100000
931.500000
941.200000
16.324924
944.400000
911.900000
918.300000
921.000000
812.350685
809.076712
36.800000
818.093197
933.900000
807.825397
810.666225
808.615335
941.900000
940.200000
936.500000
934.300000
950.400000
934.200000
942.300000
914.200000
805.625397
133.756338
798.577215
835.847699
932.400000
779.216555
927.100000
932.600000
928.800000
942.400000
920.400000
830.711475
936.500000
803.979487
785.051964
934.400000
537.284211
807.754296
939.500000
786.010526
907.900000
739.537725
811.564865
958.200000
436.415035
804.409756
964.300000
829.449815
936.800000
811.942623
814.748387
408.788742
945.100000
809.546078
941.900000
945.800000
829.687031
932.400000
943.200000
942.000000
956.300000
955.200000
967.300000
747.012748
944.800000
966.200000
414.851515
963.200000
648.403484
495.890876
781.714013
932.100000
812.822165
835.989892
930.200000
914.000000
925.500000
936.800000
955.600000
613.244371
837.348485
943.300000
267.805145
955.100000
515.770755
829.437681
937.300000
817.271622
817.004025
38.945183
812.072222
393.253285
955.500000
795.426908
304.566667
781.044444
781.219672
825.264983
816.376730
966.600000
970.600000
806.178090
355.806542
959.800000
831.236312
781.363415
800.421927
777.408725
943.600000
810.754206
979.100000
963.300000
355.209873
687.676087
956.700000
855.494862
787.331081
815.272555
329.482392
508.475000
966.000000
945.500000
367.263158
821.040945
952.800000
805.979221
964.100000
715.473675
946.400000
824.742857
947.500000
552.968182
470.402548
818.499631
220.225275
791.732203
846.610989
827.530508
85.763475
974.600000
803.965335
799.776710
526.829880
149.857519
727.468539
785.770588
380.905755
439.517110
954.300000
971.800000
972.700000
600.494752
433.181034
753.733453
589.911111
710.140351
668.578788
95.129100
203.177273
613.381179
815.249631
792.919868
516.900372
160.938983
947.200000
499.668224
822.988704
488.233010
961.200000
315.626512
823.276712
595.580645
964.200000
804.606015
620.842419
101.463636
163.528464
131.591882
123.070504
987.700000
841.827148
732.666024
815.921192
805.513223
951.700000
295.387979
824.452632
732.104098
781.045110
672.060494
395.599175
805.430671
824.076712
157.914286
464.890411
960.000000
265.580599
960.800000
967.400000
227.384462
469.312126
420.538889
377.907692
87.143160
90.155160
805.711864
453.661538
945.300000
364.431298
-4.709677
12.728571
47.592478
4.870732
11.772535
16.364103
6.591503
-6.263091
3.371986
-2.804817
-2.326230
2.697050
0.475166
14.369380
13.322598
2.055296
12.390580
1.268493
-3.777039
-5.961972
8.512274
1.239632
12.846416
30.699225
21.225564
3.781148
7.436842
50.287774
-2.469279
-2.781579
40.116323
9.512274
-18.530769
13.923693
44.870504
185.600000
18.016438
16.408251
33.289781
16.061006
20.212587
382.808989
20.345902
98.743375
320.298246
56.035135
17.798582
168.293505
18.612587
8.790476
12.089157
56.063415
31.307547
20.000997
24.953448
17.978641
36.386100
46.921452
-18.039506
20.505556
-18.045399
-18.267347
173.424561
199.610797
24.440959
46.847059
196.650000
21.005735
20.121505
47.681690
18.755172
11.170588
22.819355
56.022571
48.685714
19.096774
53.333829
14.987879
27.951724
31.233803
28.716858
54.135943
9.261446
29.288235
9.569906
56.012721
27.125180
20.742088
367.767164
93.471338
317.032847
380.844262
15.873502
305.941176
24.135374
8.700000
26.201003
43.840940
135.060248
149.101235
205.396205
45.587500
37.913699
32.283582
285.274525
25.828169
42.858228
141.138312
31.476655
32.640959
40.977922
23.240816
201.617178
18.765079
252.673050
56.064784
17.436842
21.378738
29.954275
262.687973
279.752941
28.222581
343.918450
349.583333
18.343038
111.585986
56.011594
35.966798
37.098601
255.365568
50.333333
55.085017
251.602824
6.574919
78.406849
59.339855
22.549442
23.442336
19.542446
7.996580
12.554152
12.824074
48.983333
11.055696
28.350000
26.984127
9.307261
10.374567
9.177451
6.823770
8.130721
7.810073
37.860140
10.984114
8.106931
46.795506
50.530116
9.585065
11.452459
16.272355
67.702990
7.381818
14.774377
47.925641
10.552459
19.367568
77.864286
21.505882
13.563636
17.134588
28.772876
14.216667
13.211801
38.691525
12.545925
120.717532
23.601375
13.176573
43.052749
10.184114
37.231132
17.272355
10.202459
92.507042
54.852676
20.492982
19.539610
16.306601
-18.585185
61.301688
17.263793
36.683495
8.322961
29.325641
15.320732
25.693960
14.504947
62.767492
25.384211
14.727778
