-0.309925
-0.451755
-0.638225
-0.798622
-0.889114
-1.029972
-1.163319
-1.065167
-1.243375
-1.207008
-1.319837
-1.361472
-1.421432
-1.543480
-1.751972
-1.785336
-1.998387
-2.140662
-2.299235
-2.486323
-2.611849
-2.804592
-2.724449
-2.927972
-3.060846
-3.074647
-3.221506
-2.901127
-3.041196
-3.210982
-3.357571
-3.448733
-3.447682
-3.503073
-3.524719
-3.552076
-3.655214
-3.657193
-3.600820
-3.644315
-3.745254
-3.729784
-3.762268
-3.744303
-3.857172
-4.001849
-4.112159
-4.241628
-4.348514
-4.331569
-4.311663
-4.408996
-4.453564
-4.516826
-4.502473
-4.637277
-4.604187
-4.727675
-4.657323
-4.511038
-4.616141
-4.901160
-4.918476
-4.859792
-4.854916
-4.871444
-4.856255
-4.928168
-4.804225
-4.757071
-4.677978
-4.627803
-4.699827
-4.698829
-4.685340
-4.868487
-4.873336
-4.871150
-5.011565
-5.014538
-4.868460
-4.846345
-4.678159
-4.695179
-4.639560
-4.564285
-4.514341
-4.650157
-4.782320
-4.724982
-4.915051
-4.966325
-4.845622
-4.922789
-5.052158
-5.058351
-4.978233
-4.948444
-4.962124
-4.931623
-4.916029
-5.004128
-5.029222
-4.837976
-4.970172
-4.991297
-4.859214
-4.818974
-4.843365
-4.828282
-4.792756
-4.782953
-4.811570
-4.865042
-4.861269
-4.859107
-4.805344
-4.780115
-4.764425
-4.896254
-4.799738
-4.800647
-4.678126
-4.613607
-4.638790
-4.695351
-4.795397
-4.698250
-4.633543
-4.592969
-4.598144
-4.550584
-4.423309
-4.207505
-4.228318
-4.187868
-4.167204
-4.117377
-4.081748
-4.181777
-4.108700
-3.920596
-3.771684
-3.665147
-3.754341
-3.891932
-3.790142
-3.773602
-3.708262
-3.716005
-3.592845
-3.521142
-3.497190
-3.537854
-3.300152
-3.303210
-3.259080
-3.207323
-3.092058
-3.163150
-3.165118
-3.076759
-2.984313
-3.134901
-3.071671
-3.059018
-2.871222
-2.833915
-2.828534
-2.764971
-2.665381
-2.474115
-2.316996
-2.358052
-2.372997
-2.200696
-2.198904
-2.015429
-2.091985
-2.126381
-2.063114
-1.981147
-1.849767
-1.924436
-1.922240
-1.989851
-1.841573
-1.858073
-1.684546
-1.709662
-1.732198
-1.684410
-1.688392
-1.647942
-1.527996
-1.693562
-1.611420
-1.625355
-1.553412
-1.532723
-1.581476
-1.467131
-1.481688
-1.504195
-1.371723
-1.423171
-1.343366
-1.239240
-1.249590
-0.900845
-0.808664
-0.757403
-0.722891
-0.634876
-0.563511
-0.530310
-0.458706
-0.458952
-0.421787
-0.412033
-0.468011
-0.458587
-0.299124
-0.316748
-0.362509
-0.091854
-0.132896
-0.093882
-0.020579
0.113666
-0.044858
0.025404
-0.016431
0.238281
0.202142
0.248858
0.401369
0.486053
0.519603
0.663384
0.750532
0.800911
0.876868
0.986761
1.039832
1.143313
1.196782
1.257273
1.329410
1.135662
1.203499
1.308528
1.374838
1.328443
1.526249
1.757435
1.825292
1.876325
1.960369
2.012325
2.028602
2.161003
2.210163
2.258509
2.319295
2.251448
2.256132
2.222394
2.217012
2.274755
2.335521
2.658068
2.884805
2.848108
2.914021
2.945822
2.992789
2.950430
3.011790
3.069500
3.229305
3.260478
3.322326
3.444853
3.334746
3.371572
3.433721
3.399539
3.472995
3.519217
3.530539
3.541143
3.663001
3.684560
3.761244
3.825786
3.936151
3.996975
4.018008
4.078009
4.087670
4.232449
4.401434
4.607585
4.689076
4.671878
4.621720
4.645844
4.793091
4.832736
4.899479
4.923247
4.990420
5.096335
5.176346
5.247027
5.289390
5.347838
5.300770
5.333951
5.412857
5.467264
5.471091
5.553001
5.692179
5.753445
5.820452
5.848571
5.924539
6.002948
6.064796
6.115286
6.140280
6.142663
6.318737
6.276147
6.342424
6.432285
6.516466
6.532333
6.534846
6.560871
6.622821
6.648271
6.720860
6.782291
6.863737
7.002967
6.833408
6.861305
6.804124
6.952632
7.158748
7.212120
7.246334
7.359260
7.515564
7.654333
7.712368
7.871776
7.917324
7.905404
7.949261
7.974730
8.058361
8.184663
8.203379
7.940725
8.017883
8.049358
8.099597
8.094101
8.086761
8.193624
8.197127
8.325114
8.344456
8.384418
8.433470
8.437747
8.560031
8.521555
8.639094
8.689559
8.694093
8.740785
8.761947
8.889002
8.951333
8.938597
9.078754
9.169219
9.149481
9.775048
9.954298
9.988658
10.041152
10.133907
10.136342
10.217519
10.202697
10.163130
10.115419
10.109172
10.081832
10.270619
10.286867
10.655133
10.629807
10.603968
10.780839
10.791547
10.890355
11.147285
11.107154
11.174925
11.270351
11.336740
11.416289
11.390925
11.455608
11.616909
11.723515
11.880428
11.835083
11.832967
11.798465
11.870036
11.888169
11.862206
11.616972
11.815333
11.813736
11.885019
11.930435
11.970141
12.337813
12.452213
12.504705
12.439801
12.362335
12.474843
12.539736
12.623369
12.723602
12.724790
12.829203
12.889276
13.052241
13.017857
13.199496
13.386572
13.304553
13.510819
13.505711
13.478005
13.445664
13.448247
13.443511
13.311751
13.496512
13.582185
13.644787
13.656056
13.729180
13.749354
13.657656
13.566457
13.479954
13.509775
13.475939
13.553982
13.445919
13.447971
13.474595
13.423349
13.405147
13.514110
13.809455
13.820731
13.749493
13.612667
13.516330
13.503849
13.621831
13.581899
13.555080
13.588460
13.712028
13.656716
13.825839
13.777968
14.201168
13.902662
14.248716
14.260166
14.279251
14.369794
14.330070
14.288958
14.322438
14.306547
14.270017
14.273635
14.293685
14.239320
14.332040
14.608855
14.566422
14.603963
14.752441
14.637727
14.607054
14.593031
14.512552
14.438879
14.469033
14.368252
14.534182
14.425348
14.350631
14.295476
14.285037
14.344556
14.448042
14.598125
14.531811
14.402171
14.296178
14.256328
14.088803
14.111867
14.111361
14.124453
14.107447
14.496698
14.963186
14.830484
14.991238
14.882677
15.121239
15.215586
15.349856
15.444564
15.484437
15.785506
15.849586
15.920915
16.000855
16.182118
16.224853
16.545604
16.514768
16.477606
16.374608
16.364567
16.323461
16.938393
16.833593
17.154112
17.212814
17.266276
17.237630
17.281587
17.293684
17.296175
17.213254
17.256678
17.169133
17.118662
17.087998
17.027131
17.149705
17.241208
17.189779
17.252468
17.160289
17.062456
17.397824
17.494300
17.578308
17.565967
17.502430
17.380266
17.210771
17.207374
17.150947
17.041088
17.113485
17.077017
17.209667
17.104459
17.024736
16.957023
16.852340
17.185185
17.200197
17.126390
17.592689
17.666827
17.752162
18.385671
18.268895
18.331102
18.344505
18.395751
18.338334
18.400378
18.355195
18.350117
18.348172
18.322758
18.386253
18.555820
19.026511
19.342563
19.273487
19.087356
19.213736
19.156324
19.072999
19.223229
19.355660
19.380961
19.330562
19.326639
19.244483
19.263727
19.199280
19.345073
19.307853
19.234499
19.164940
19.393604
19.238254
19.175432
19.254892
19.269904
19.346775
19.300999
19.365734
19.334181
19.435182
19.492889
19.600686
19.559122
19.642637
19.900875
19.928033
19.824953
19.886101
19.696958
19.565046
19.430503
19.265892
19.227464
19.282396
19.186464
19.177169
19.183939
19.103031
19.103112
19.154732
19.242095
19.338623
19.218638
19.369860
19.554095
19.444851
19.294358
19.259382
19.370693
19.277905
19.309848
19.350535
19.299155
19.328843
19.335290
19.361612
19.450204
19.370926
19.405593
19.377003
19.330683
19.201657
19.196070
19.338680
19.491310
19.506230
19.558692
19.596925
19.615649
19.565603
19.763114
19.666045
19.641219
20.005466
20.029330
20.156458
20.136474
20.027061
20.143201
20.238024
20.343997
20.323314
20.310627
20.280924
20.391807
20.594297
20.491630
20.631447
20.492941
20.332636
20.274370
20.199516
20.111665
20.174784
20.467986
20.303639
20.214463
20.278787
20.363491
20.267142
20.159503
19.993927
20.060529
19.885445
19.840296
20.065484
20.055791
19.913363
19.959455
19.814170
19.943375
19.984375
20.091544
20.602977
20.861913
20.816977
20.751230
20.754514
20.671758
20.600688
20.727967
20.772446
21.494068
21.464448
21.315338
21.140233
21.117290
21.147678
21.205987
21.046665
21.689378
22.416800
22.284977
22.196914
22.535826
22.599939
22.608026
22.609765
22.708088
22.629547
22.424188
21.991235
22.778696
22.686145
23.012175
22.866392
22.983895
23.006457
22.842411
22.721319
22.746006
22.747134
22.939257
22.766915
22.652694
22.842684
22.996012
22.902103
23.087351
23.050227
23.345092
23.505303
23.802812
24.248198
24.566049
24.372499
24.494793
24.721401
24.788973
24.558698
24.479075
24.391974
24.313727
24.281336
24.351023
24.500635
24.594146
24.421994
24.401173
24.448828
24.385787
24.336496
24.328880
24.286006
24.954894
24.755615
24.899433
24.956830
25.067140
24.922454
25.013841
25.121862
25.234720
25.233494
25.424894
25.686201
25.820817
25.964468
25.997980
26.034215
26.017762
25.858706
25.671438
26.153557
26.592140
27.132132
27.349206
27.246820
27.313331
27.588972
27.526446
27.980519
27.834107
28.102301
28.721055
28.698240
28.770044
28.651148
28.433933
28.573047
28.444797
28.728610
28.771621
28.703566
29.014791
28.932643
29.071985
29.088929
28.951650
28.745033
28.688099
28.447174
28.548410
28.434471
28.259591
28.312420
28.393361
28.786744
28.548750
28.561898
28.647443
28.650802
28.639118
28.655339
28.608860
28.381621
28.219246
28.057502
28.533656
28.535782
28.384136
28.406695
28.955754
28.903566
28.672509
28.578987
28.623174
28.976787
28.888686
29.241514
29.269408
29.286585
29.370463
29.889351
31.753476
31.723123
31.806580
31.839799
31.526420
31.646317
31.695763
31.785678
32.050350
32.119311
31.873132
31.930450
31.923807
32.245522
32.962294
32.983838
32.771142
33.011678
32.795469
32.562649
32.644395
32.769832
32.848690
32.666090
33.004808
33.388608
33.737638
33.846388
33.693613
33.834986
33.912636
35.911880
35.841227
36.283449
36.929101
36.945658
37.191812
37.331894
37.159023
36.948466
38.360461
39.106547
39.150612
39.170032
39.352662
39.919671
39.700141
40.576773
40.300005
40.228011
40.202516
40.202359
40.261295
40.073562
40.142083
40.184162
40.212236
40.687723
43.062561
42.952190
43.052826
42.935763
43.533439
43.454836
43.402847
43.225893
43.262415
43.613450
43.419015
44.246181
44.202104
44.802768
47.416555
47.356550
47.217715
47.555555
47.225929
47.570808
47.473711
47.538882
47.485539
47.191457
47.751285
47.318321
47.294899
47.672346
48.938551
49.843388
51.388956
51.352890
51.218425
50.974066
51.259075
51.396107
51.720949
51.743163
51.755366
52.157194
51.730973
51.774630
52.481993
52.396878
53.130390
52.730667
53.728745
53.568941
53.206122
53.267879
53.480564
53.433296
53.955772
54.680318
54.659632
54.434648
54.369544
55.575119
55.305423
55.488890
55.299773
55.528779
55.319766
57.303717
57.198528
57.026155
57.301274
57.145492
57.064169
58.003382
59.139415
59.593348
63.548988
63.305797
66.732211
66.496338
66.238663
67.202585
68.441290
68.666075
69.455681
71.596693
71.315604
70.665694
70.906447
74.783651
74.637482
75.005302
79.182269
79.530839
78.900769
79.106750
78.832313
79.163758
78.540952
78.242894
81.667288
86.581104
90.489940
90.010469
89.670455
89.301365
89.326928
88.821120
88.433394
87.645332
87.246315
86.660911
89.067793
89.654653
90.473199
89.929644
90.648212
90.020971
89.507215
91.011406
90.819688
91.735321
91.310507
90.705078
90.242685
89.853379
89.164723
90.105467
91.239291
91.323697
93.442348
94.580313
95.601708
97.236018
97.364874
98.892996
98.395100
98.304734
97.638877
100.386173
104.762413
104.167956
103.535918
103.518678
103.450158
103.747732
105.585974
105.587398
105.569862
107.919539
108.277216
108.194954
107.627239
107.452871
108.519583
110.030752
112.236412
113.040892
112.519644
111.990417
112.021202
112.656153
112.344934
114.390726
114.494468
119.677553
120.296955
119.672694
120.343455
119.828049
119.181892
118.733816
119.080629
118.414156
118.019689
117.240446
116.564356
115.869584
115.093605
115.686708
117.471161
116.541499
119.730921
124.106666
125.289495
124.560275
123.790793
127.094973
127.357881
126.574218
128.290717
128.120716
127.400125
128.259313
129.762881
131.684616
131.680022
131.962417
136.409601
135.158839
136.440149
135.716191
137.439573
138.027265
138.367963
144.147915
143.655297
145.992543
150.680378
153.999220
156.107383
157.034467
158.598000
158.097481
158.255271
157.136942
156.988572
157.627937
158.712800
161.594176
161.048401
160.786839
160.663922
161.825213
162.217245
161.155683
160.054032
161.510421
165.730005
165.133817
168.664788
170.356300
169.067776
168.066136
166.893184
166.897527
168.739846
168.803816
167.551462
166.144973
165.825848
165.567781
166.400579
169.111627
168.444361
168.959463
167.512671
170.731598
169.554353
169.668836
169.123417
172.599286
172.369609
176.418714
176.608324
177.164770
178.129232
177.908279
182.666390
184.899883
184.246129
182.748674
187.432910
186.653758
188.520387
187.209119
188.749642
187.559108
187.542680
186.049131
188.020616
188.559834
187.117811
185.840666
184.836824
183.777602
184.776789
188.532487
190.395171
190.042501
189.870569
189.428995
188.152208
186.488542
188.702871
187.956188
186.360434
187.614882
190.899709
191.497212
192.552614
191.596917
190.670837
191.777060
190.632851
189.353901
188.887591
193.835770
197.904390
196.774548
199.618443
197.698785
197.413534
195.756123
199.941826
203.532473
201.644387
199.746669
199.196667
200.599532
202.495733
201.621927
200.435519
200.183457
198.285649
196.714193
198.178367
200.291948
200.632606
202.530020
202.763020
204.344871
209.233921
209.919952
208.858692
212.898625
218.374051
217.110436
215.499665
213.486778
213.000943
216.193690
217.212855
219.700362
223.595774
221.534167
221.415466
223.548857
222.591147
221.509527
224.829958
228.588561
230.327375
232.760714
232.797044
239.086612
244.544090
250.590989
250.436426
252.564287
251.881300
251.109909
254.971013
259.426975
264.084594
269.654283
270.763927
272.957403
273.408829
272.871187
278.094415
278.236777
279.263651
277.802605
276.937319
278.655688
276.693528
274.185279
279.055998
281.883392
283.383744
287.834667
285.859216
285.932755
290.141106
295.712725
297.017783
302.137910
307.159423
305.497390
305.953491
306.273299
311.403350
313.937393
319.038932
316.885247
314.369841
319.439178
320.871229
322.153191
320.998164
318.139174
317.649949
318.319490
318.736335
316.903889
317.638733
318.586578
318.056469
320.163371
318.917395
322.092171
321.557224
323.730392
323.947702
322.987507
328.047022
329.637793
332.083282
330.209953
332.028181
332.136614
331.819680
331.589471
334.578921
337.223385
341.583816
346.072440
343.840059
349.899658
351.826365
351.477310
353.393555
356.157743
360.224962
363.268037
368.848357
372.811571
377.024813
375.215861
374.487285
374.304357
378.646964
382.683288
384.067388
382.411991
386.474169
390.771085
391.002615
395.143770
399.386645
401.778934
401.527653
404.627681
402.466603
402.539941
407.017598
408.372615
405.762682
401.894410
400.605458
404.719030
410.297840
413.993846
417.604394
420.021242
422.095529
426.284366
429.797297
429.908101
428.308599
432.467119
436.655145
435.885291
439.421371
439.387903
436.883885
438.618516
442.145485
444.123745
447.620237
450.851604
450.942588
454.192855
452.187280
449.610907
446.938093
444.196434
443.540801
448.871393
452.046501
451.857835
453.123851
451.086327
454.764105
456.701432
460.073960
463.687330
467.110030
471.809929
471.773583
473.359122
476.513959
478.488716
481.961798
485.023514
488.513611
493.075475
495.538315
496.825488
499.478387
500.143074
501.357209
504.663364
507.789348
508.745814
511.599321
516.055327
518.722300
516.890001
514.928572
511.313329
507.806836
510.452512
508.471012
509.914944
512.743802
511.954850
514.918691
513.396928
508.689283
505.940140
508.810359
508.485203
511.209906
514.106918
518.528849
521.464754
525.625106
528.265136
530.449624
532.941014
531.351150
529.068106
531.839604
534.628154
538.635872
539.025981
541.485534
543.822695
546.429028
550.358738
550.992278
554.730355
557.395548
559.085486
562.748632
564.961593
568.901977
572.809957
575.188563
577.529233
580.965940
582.808389
584.866565
586.510807
588.535894
590.882821
593.349911
596.995412
598.565885
600.810022
604.354921
603.747342
600.950740
604.190233
607.557331
609.872335
613.330611
614.295344
616.488803
613.246838
616.533370
618.402569
621.791543
623.613883
626.974744
628.734271
631.840928
634.945519
638.182064
641.455243
644.225690
647.121434
650.173219
653.021487
654.624126
656.141726
657.691936
659.142726
660.417782
661.383168
664.238336
665.680544
668.256739
670.739172
673.570780
674.712501
676.260746
678.936138
681.603777
683.018895
684.287355
686.599481
687.676709
690.196942
692.350973
694.751463
697.151948
697.421345
698.413471
700.792336
701.811518
704.240403
706.463999
707.136787
708.221749
710.400531
712.819526
713.925697
716.088440
716.929877
719.140578
720.095172
722.266221
722.759436
722.309295
723.200986
724.300011
726.528011
727.421573
729.409357
730.106824
732.100755
734.184748
735.328726
736.369376
738.192682
740.311755
742.291638
741.040245
741.793692
743.823755
739.432262
741.610939
742.267390
744.319716
746.354519
748.151974
748.946251
749.544331
750.159069
752.054479
753.933934
754.715527
755.617253
757.662080
758.393488
760.323553
760.796994
762.650024
763.162735
764.900108
767.091107
767.784845
769.952996
771.646466
772.090664
772.587771
773.162883
775.046254
776.956792
777.419077
779.152887
780.857358
782.504784
784.371736
786.233019
788.154689
788.600336
790.291332
792.024419
793.409175
795.213083
795.374065
792.670182
794.133480
794.559497
795.928902
796.275826
797.739068
797.664105
799.227464
800.731189
802.317877
802.643329
802.830396
802.901271
804.537258
806.280885
806.158804
807.705216
809.308164
810.844082
811.028727
811.165521
812.668866
812.686230
808.076479
809.740714
809.924135
810.169214
811.562521
812.877896
814.224117
814.444394
815.960950
815.801513
817.081498
817.167349
818.536675
818.419835
819.584636
820.925790
822.203532
823.570497
824.910792
824.651410
825.862895
826.004709
826.179948
827.611149
829.067037
828.966885
830.178216
831.247434
832.478960
832.409381
833.589287
833.391604
834.488688
833.551591
833.365881
834.664222
834.415892
835.701733
836.871715
838.163998
839.379358
839.336160
839.074953
840.293203
839.869451
839.662028
839.212889
838.964034
840.146393
841.400929
841.287893
842.443014
843.440584
843.265615
842.833868
844.074529
845.339784
846.540386
847.521982
848.715762
848.325378
848.343660
848.192641
847.986477
847.875767
848.779009
848.861855
849.857237
850.793664
850.765763
851.715105
852.638954
852.491680
853.499763
853.496831
854.589862
854.053605
854.835069
854.502999
854.231285
855.152972
854.964107
855.966466
856.717801
857.523623
858.406387
859.526323
860.447060
861.423589
862.536353
863.502990
864.471960
865.306240
864.757887
864.292633
864.089808
863.592152
864.568231
865.652548
866.593023
867.408093
868.334012
869.205671
870.244615
871.137169
870.740031
869.960673
870.850066
870.573865
870.266786
870.003110
870.903079
871.842049
872.667628
872.238849
873.092461
872.926435
872.401947
871.955242
871.424844
871.215206
872.097054
872.856084
873.880523
874.739718
875.571321
875.170801
874.808942
875.785853
876.739994
876.356675
877.246109
878.148647
879.159161
878.905577
878.630731
879.693424
875.716157
876.550995
876.072764
875.368996
876.246306
876.139107
877.131716
876.795133
877.508181
878.492100
878.181542
877.584336
877.310047
876.982276
877.873453
872.031231
873.217919
873.085008
873.887158
874.601286
874.310871
875.399763
876.370765
875.640871
876.589462
876.154318
877.228775
876.966460
876.161585
877.189969
878.099069
878.955078
878.451255
878.030064
877.823541
878.895305
879.829352
879.724695
879.177907
880.147128
881.137656
879.179873
880.121074
881.071863
882.047145
882.945673
882.509921
881.865736
882.938078
883.907697
883.600714
883.270354
882.969737
881.634241
881.003450
880.461143
880.293860
874.528545
875.434260
875.214032
874.706662
874.547332
874.164168
873.644329
873.256067
874.447507
874.044428
873.423020
874.523790
868.153807
867.972786
868.836558
869.974192
869.455276
868.782385
868.577800
868.480528
868.115175
869.200023
870.454023
868.792327
868.524474
868.598776
868.199386
869.474392
870.754648
870.444459
867.883086
869.008255
861.913466
862.019530
860.025370
858.071274
859.200561
858.933919
852.520765
852.098540
853.108555
854.215470
855.595315
855.648115
855.455215
855.180297
856.312494
851.240896
843.875590
845.161834
845.191605
845.335920
839.687549
839.798325
839.911350
837.681534
835.944385
837.413941
837.290011
837.430111
839.164810
839.199260
839.180999
839.362669
837.833258
832.217457
832.505900
832.650283
833.994780
833.902336
834.122200
834.558219
834.711288
835.969175
837.461483
837.660375
837.515503
832.163502
833.667867
833.649075
833.746566
835.275100
835.651755
837.027237
838.295965
836.590236
837.831333
837.557178
837.387964
838.784084
840.105243
838.765501
839.989846
841.385947
842.776088
843.987327
845.462454
846.608329
846.675316
846.778656
846.788935
846.595634
847.915678
849.395521
849.322878
849.035803
850.305445
850.260645
849.898472
851.071487
850.965879
852.277221
853.509448
854.686354
854.869660
855.952964
855.486792
856.713924
856.104963
857.240913
857.184241
857.020063
857.248061
857.100051
858.362051
859.668430
859.577535
860.823759
861.993522
861.696528
862.803562
862.572787
863.641059
864.729649
864.713653
864.501304
865.658291
866.832709
867.979381
867.920826
867.568136
868.806455
868.647694
868.547874
868.457511
869.546936
870.722466
870.380159
871.603357
872.604324
872.148460
873.301976
873.013901
866.924147
867.883406
868.946571
868.558770
869.490183
869.341274
870.563862
870.035771
871.234413
871.057978
870.711285
870.472590
870.012124
871.146003
872.287543
872.148732
871.969177
872.950485
873.897980
873.687617
874.719741
874.568860
875.610171
876.783069
877.808239
877.815392
877.326431
878.452167
878.353479
877.977070
877.822096
878.909875
880.058776
881.068188
880.753986
881.598446
881.142530
880.578324
881.615540
881.379399
882.392605
883.475679
883.260936
883.192356
882.854712
883.796165
884.846204
885.878742
885.267790
886.422112
886.035907
886.813547
886.525606
887.321350
888.133136
888.870805
889.896097
889.458276
889.079858
890.015060
889.768550
890.787864
891.635986
892.440626
893.382219
893.047730
893.841252
894.816840
894.603996
890.805391
891.651337
892.667823
892.293792
891.892809
892.819881
892.250603
893.113097
892.702743
891.737842
892.504464
893.377419
894.259645
895.204049
896.064008
896.862368
896.746009
897.643549
896.580810
896.081945
896.914126
897.785985
898.520125
897.835897
897.306674
897.025443
897.805188
897.258411
897.855827
898.576269
898.017761
897.565355
898.446701
897.748698
897.443123
897.160581
897.989975
897.555408
896.901492
896.317427
896.018266
897.065084
896.673330
897.576597
896.888275
897.850392
897.459629
896.941569
896.122463
895.723273
895.461733
889.467479
888.972691
888.755034
882.761801
882.444321
883.552878
884.622349
885.582126
886.747305
887.772832
887.646152
888.753691
888.139761
889.260363
888.838487
889.807102
889.305556
888.687972
889.744092
889.628287
890.505005
890.175288
889.943865
889.458426
889.145997
888.872998
888.337400
889.213026
888.387335
887.992762
887.353366
886.951382
886.468202
885.944071
886.862631
886.647019
887.699549
887.388882
888.529993
888.081856
887.992369
887.845603
888.858147
888.350558
889.468053
889.247694
888.952865
890.026337
889.708183
889.175916
890.161157
889.774931
889.314480
889.047490
888.568935
888.092222
887.780141
887.552578
888.583052
888.302873
888.027475
887.514663
887.576038
887.070155
888.038454
888.913069
888.624530
888.409936
888.042538
889.019113
888.856320
888.409775
887.883106
888.922275
889.805052
884.051787
885.047269
884.893923
884.473696
885.473959
886.590219
887.613317
881.448517
880.978584
881.948798
