-30.992527
-14.492929
-19.098765
-16.677922
-9.847834
-14.974834
-14.364676
8.651822
-18.885906
2.393307
-12.489940
-5.483333
-7.357407
-13.626230
-22.392734
-5.088376
-23.090446
-16.225884
-17.997909
-21.008065
-15.038889
-21.886217
5.209770
-23.076829
-16.215337
-4.440909
-17.760526
28.816368
-16.908065
-20.019760
-17.869930
-12.473729
-3.343633
-8.986842
-5.667610
-6.260432
-13.865886
-3.853065
1.980070
-7.950307
-13.738199
-2.198315
-6.978169
-1.965789
-15.031183
-18.324834
-15.032877
-17.059036
-14.930201
-2.654054
-2.340927
-14.045016
-8.865789
-10.779747
-3.081579
-17.982822
-1.328302
-16.952950
2.307463
9.971260
-15.021429
-33.118030
-6.632759
0.950000
-4.372222
-6.507692
-3.352589
-12.047541
7.466102
-0.088762
3.152147
0.339568
-11.830201
-4.600000
-3.350000
-23.000000
-5.353420
-4.654698
-18.912698
-5.308861
9.593346
-2.657018
11.972222
-6.380097
0.866667
2.887970
0.430070
-18.095848
-17.866454
0.951408
-23.731848
-10.042447
7.103953
-12.562264
-17.859763
-5.671429
2.953414
-1.999262
-6.316495
-1.912044
-3.372222
-13.725884
-7.513559
14.095349
-18.057554
-7.082609
8.216914
-0.835211
-7.258065
-3.335052
-1.275676
-3.812418
-7.644704
-10.158730
-4.487726
-4.645053
0.517123
-2.282432
-3.211111
-17.947292
4.755344
-4.890614
7.451375
1.773770
-7.131915
-10.294828
-14.700000
4.919380
1.772383
-0.576087
-5.110526
0.157921
8.176866
17.157143
-6.288835
-0.183333
-2.121478
0.815517
-0.554478
-14.084615
3.125887
14.701685
10.970629
6.882008
-12.584520
-17.513505
6.287063
-2.136093
2.760345
-4.482558
8.600000
3.577451
-1.125926
-7.563559
20.232283
-3.605891
1.109770
1.916667
8.319173
-10.201320
-3.359969
5.670849
6.167808
-18.043144
3.188112
-1.806338
15.720611
0.859477
-2.295848
3.527778
7.194056
16.461172
13.237801
-6.422611
-3.852564
14.857143
-2.021478
16.148582
-9.671053
-5.531579
4.200358
6.133566
11.156835
-9.316667
-1.704817
-8.683333
12.837931
-3.491611
15.494628
-4.196091
-3.963309
3.046580
-2.082540
2.356601
10.346610
-18.084564
6.520635
-3.004918
5.568927
0.515517
-6.408065
9.853047
-2.922789
-3.732432
11.742982
-6.516465
6.557261
9.069301
-2.274242
33.624911
8.317213
4.317460
2.693836
8.078522
6.501685
2.756601
6.630070
-0.483333
3.257576
0.553630
-6.009915
0.474390
15.487809
-2.061538
-4.892929
26.703053
-4.196024
3.768493
7.236424
13.403909
-15.738732
6.981293
-4.158065
25.454717
-3.375610
4.873770
15.500000
8.869697
3.841077
14.897682
9.378169
5.788516
8.396610
11.866129
6.293836
11.387970
6.490157
7.245946
8.470997
-18.045455
7.919380
11.706367
7.939568
-3.264676
21.109091
24.644771
8.543151
6.928571
10.280812
7.155882
3.640067
15.268750
7.076923
7.044805
8.337113
-4.465385
2.719799
-1.117647
1.684211
7.991275
8.351375
34.590196
25.331818
-0.784940
9.439373
6.094203
7.642446
-1.243069
9.086411
8.782818
19.050000
6.346580
9.445324
15.575000
-7.565854
7.017391
9.586441
0.015517
10.745151
8.095183
4.651375
4.590964
15.726923
5.818966
11.352941
10.215480
14.862274
10.018493
6.100313
10.018085
5.044161
18.565517
21.130935
25.016547
12.756688
2.969301
-0.343939
7.034114
19.370588
8.757509
11.507071
7.276271
11.640559
15.581970
13.097411
12.244444
9.483333
11.134211
0.640964
8.618927
13.224567
10.853521
5.850000
13.662069
19.470732
11.818831
12.454098
8.632390
13.445390
13.765468
12.187736
11.113768
8.614724
6.378571
23.750000
2.059752
12.903909
15.328522
14.850376
8.103114
6.783657
9.137288
12.755882
9.167808
13.907266
12.863907
14.926866
20.786792
-9.952950
9.623077
1.143248
21.654947
27.564184
12.495946
10.633566
18.538889
22.989632
21.392466
13.457895
23.653150
12.426523
6.725325
12.291176
10.496167
16.337809
20.688516
10.056271
-18.061953
15.656522
11.165385
13.073186
7.550000
7.360127
18.773077
8.543945
20.995745
10.259386
12.340580
13.289701
8.861165
20.666102
4.712420
20.275503
13.685570
9.142982
13.363322
10.856940
21.467442
15.122085
7.677778
22.954240
18.125325
7.195356
71.706250
27.700000
13.390274
15.238047
19.316667
10.377451
18.254054
8.735324
6.245925
5.392063
9.490741
7.375166
28.960526
11.895425
47.113475
8.122549
8.045907
28.291077
11.851556
20.672383
36.583333
7.134211
17.884219
20.717568
17.909253
19.291606
8.879866
17.859259
27.585714
22.277551
27.414789
7.345872
11.623529
8.382759
18.955556
13.683333
9.291935
-12.661268
31.453047
11.655634
18.942096
16.426582
15.901090
48.737324
23.777778
17.701408
6.014286
4.693206
23.613131
18.964184
20.903047
22.646610
12.842446
23.166129
18.836424
29.185852
9.613768
31.181818
31.907042
5.184663
33.931208
13.000000
10.735099
10.243945
13.703909
12.974638
0.267582
31.787801
22.063793
19.842446
14.771698
20.968421
15.746610
4.579508
4.537805
4.916129
16.462082
10.126119
21.280282
2.747619
13.651205
16.110284
8.350000
11.603191
24.301493
43.048582
14.937063
6.696903
0.066890
3.978947
12.268254
25.302091
9.628595
10.900000
16.893066
25.945283
8.180783
30.569084
9.038673
56.097992
-15.649425
48.508108
15.393662
16.168702
23.333566
10.397345
10.218919
17.636909
12.733333
10.653509
14.631900
16.278571
8.857249
23.511238
42.013559
10.365574
18.320548
29.451754
3.281034
11.570408
13.204819
6.545082
7.145277
17.454240
4.390909
30.961263
3.650820
6.953630
8.835099
13.251634
20.236913
24.693151
29.456383
7.966667
1.567802
3.802875
10.311191
-2.496203
16.395205
14.061290
15.420548
12.423841
53.032578
61.145527
1.692994
30.905882
4.135099
38.738889
24.555932
28.642617
24.820664
19.431818
45.591322
22.193586
22.982421
23.914948
34.127165
20.455556
48.300000
13.462025
12.798502
6.177835
15.370480
12.253960
77.816667
6.458475
48.885409
23.024324
22.559073
14.401634
21.633333
18.491275
17.542829
9.004040
21.555670
8.502120
12.122064
14.052290
11.001274
29.284588
26.300000
12.098230
23.458682
8.034586
7.376978
50.599275
27.045455
25.895082
16.344203
11.212245
5.286027
0.430769
16.871062
11.564706
6.165035
24.280783
13.466667
30.342058
6.688907
9.132090
10.253468
6.488679
50.136879
18.686411
9.819505
63.756250
25.006478
26.200358
81.103030
6.708042
24.489632
19.671378
23.469178
12.654054
24.542701
13.882051
17.847436
18.155611
15.806780
24.672222
35.342982
65.624911
50.631690
12.434951
0.660411
31.725325
13.472581
10.823841
34.095946
32.466352
21.885714
14.341077
18.938312
11.110993
21.168874
12.819048
33.778571
15.623064
11.972491
12.278571
42.031373
3.858632
12.956044
27.121378
20.756146
26.956931
14.769178
25.774490
16.210526
29.434211
25.205932
30.272535
15.444262
27.910701
45.466436
22.616667
9.620034
25.939701
0.971827
6.505728
6.110753
2.969403
15.423077
24.720671
9.689241
18.256940
19.854152
11.093206
19.111111
24.265079
27.891077
28.894891
7.340141
34.340775
37.793411
8.629693
4.395570
15.796755
30.390476
10.091908
22.472180
23.378571
14.212463
22.267949
19.973529
21.967568
28.220732
11.522491
22.837589
16.546580
14.745055
6.428073
18.642907
33.457042
34.601685
20.983399
24.752427
23.381949
21.469355
14.611039
39.316667
10.056250
17.183447
56.065863
22.391935
32.742058
18.158059
9.195238
31.641077
29.625503
30.835324
18.275676
19.054545
17.340323
31.369231
40.640876
10.327526
34.473392
6.780866
4.462420
14.506061
12.788889
11.414465
26.423529
49.494983
4.033333
11.385987
26.646935
28.749129
10.728571
9.503300
3.601887
26.654152
2.552076
15.370548
42.359091
19.096167
5.813018
24.522535
5.431013
32.734615
24.043431
30.701223
71.234884
46.496581
16.368345
14.242193
21.079658
12.478972
13.564706
33.328571
25.175850
92.934672
18.532051
6.553521
3.804833
18.845925
24.156061
26.978571
5.273835
85.317881
94.431633
9.234483
13.478698
56.088112
28.947070
23.408682
22.781899
32.442063
14.854054
2.093574
-20.871084
100.737372
13.523529
55.289216
8.433871
34.616667
25.240067
6.601887
10.733178
25.190031
22.858835
41.959459
5.704983
11.344816
41.651754
38.175503
13.605051
41.426891
19.375000
52.536735
39.366165
53.256228
68.341379
56.033333
5.211032
36.601859
47.155654
31.478522
1.761538
16.596350
15.769048
16.567224
21.074648
31.250000
39.312274
33.851749
7.378947
22.339847
29.166667
18.144776
19.456604
23.574919
20.041489
91.174830
5.026978
39.137379
30.639189
35.987801
10.598502
34.061238
35.815873
36.407692
25.112080
44.373498
51.555594
39.147883
40.185915
29.315658
29.621429
24.388889
10.112245
7.131847
73.883333
70.011881
80.591328
48.839552
17.110602
33.897883
54.877419
21.336424
72.933721
13.339369
54.653435
89.977778
26.439550
35.878571
16.880503
6.929630
42.345283
15.748048
56.826094
33.029787
21.966129
59.826016
20.800000
42.866869
30.766352
15.360993
8.290028
23.051634
4.595570
38.570732
17.154545
10.946491
33.542466
36.406478
67.731690
4.987383
29.863566
37.116355
28.983333
27.482390
30.261238
24.007463
5.884982
12.144118
12.044850
75.672848
28.746238
13.371223
30.640067
83.312575
23.736909
5.797887
19.320270
32.997764
63.984483
20.166667
64.171461
32.030935
30.987117
37.674377
81.259202
216.301852
28.718182
40.068817
35.128522
0.501887
43.516084
36.590959
40.687261
58.252899
38.946460
7.501342
37.604984
31.266102
64.095341
103.922727
35.116667
11.714286
56.824773
11.390698
9.513456
40.737276
45.188095
40.655660
14.588658
66.537931
71.384783
68.291636
44.612587
18.568919
47.830935
41.600000
233.836964
28.846610
80.063475
100.848592
38.584775
61.561111
51.200000
20.044776
16.103383
178.147887
112.969142
43.513023
41.092599
57.433032
96.053509
17.966667
127.363383
12.900000
33.100631
37.678481
40.186842
46.095902
21.488028
46.925606
44.350000
42.991606
87.760959
278.171429
32.025503
53.015753
31.346580
102.703371
35.673077
38.255932
25.707463
46.878169
78.365863
24.169965
126.135567
39.838516
104.268482
306.181467
41.416102
33.473077
81.001701
14.592907
81.713879
37.861049
53.990876
42.204545
18.077376
103.174176
4.454938
44.976087
85.039597
174.292857
139.422222
204.400186
47.782353
37.906478
26.782432
79.475000
64.962292
83.880303
53.942322
52.963492
91.938123
9.535099
56.096721
122.510967
43.970418
125.748142
13.158065
152.538462
37.748328
17.287037
59.381818
74.536364
48.753846
105.680872
126.410345
52.611765
32.161165
47.924227
174.927070
28.605556
73.652062
36.577273
78.200331
34.627451
253.714935
46.784775
39.961238
84.538050
41.723077
49.013208
150.985443
171.606647
104.532704
455.157388
39.229932
405.947112
43.144983
40.728788
162.630851
191.073077
90.919811
147.626712
283.556849
43.487842
6.324564
94.740984
458.626821
60.166798
111.419463
492.702055
114.039256
16.523841
99.498885
51.663023
111.976829
16.883178
48.735110
420.682278
573.048872
477.464706
42.542857
56.009091
52.761446
91.857692
38.746057
50.048582
9.627219
47.743537
28.705941
327.349175
147.753704
171.509259
36.117770
161.786420
27.924138
38.645324
239.926316
71.839597
182.382975
49.253974
30.767568
44.465823
51.312088
20.987736
183.239117
203.487931
99.679897
303.188710
207.238889
196.719863
259.032677
110.121587
250.177049
49.103448
89.358451
31.719069
372.368519
538.010169
45.316667
40.964179
101.811864
96.666667
133.207576
287.571933
105.728369
103.833829
340.537580
143.687205
100.051007
51.423502
90.190397
214.124055
259.636486
330.596774
192.684437
60.916038
59.596970
115.068966
175.516254
81.534252
316.924121
124.764935
632.802985
181.617742
57.870896
186.748746
68.802899
55.212375
74.374205
153.415134
52.433333
78.967516
40.095349
49.631481
47.087117
38.271698
174.403859
294.132051
24.504950
435.483708
557.305405
242.389552
52.367559
47.612069
454.208772
153.385714
48.991606
298.224113
111.290683
56.061566
213.318919
278.616151
321.936331
131.225281
159.919481
576.680851
11.333333
263.289860
64.044361
308.054437
196.208779
172.097059
716.363082
94.886170
377.379856
614.776101
482.564495
364.815603
248.815789
313.387705
108.546154
173.876435
46.422355
142.300000
220.925000
266.114234
446.850485
107.016667
134.892157
148.495161
276.793023
201.028417
56.061074
50.990554
305.692958
583.468790
106.111224
518.230928
337.815986
41.503909
68.903738
50.770968
167.327419
351.129412
175.136885
43.568421
26.902606
134.232432
140.019142
248.847541
437.505405
102.385036
219.954530
24.280328
489.405369
53.007042
181.002658
115.126923
516.710405
149.631560
577.280100
195.379699
232.252952
273.610983
156.033912
653.719328
406.015704
119.524468
34.500664
651.172222
109.517742
373.316667
57.393590
341.261404
69.696269
185.916258
38.187809
383.197668
241.942359
44.357591
59.403279
85.456452
78.914669
283.696269
560.346644
374.800853
155.128157
172.849288
145.713158
61.750314
21.785659
407.921429
114.034568
28.380783
311.805172
516.097643
250.650000
297.037374
96.982946
98.988889
301.293168
77.356128
62.737838
142.722901
683.705556
600.697773
84.920130
481.164103
7.652640
169.173684
31.672414
614.326471
559.006502
14.723841
11.872591
144.746440
339.483213
390.219572
115.115152
82.981119
175.229338
10.402648
41.140067
343.131579
409.536508
234.357718
390.374018
225.830033
360.948148
693.249827
277.837037
103.793958
612.851987
760.441176
92.012541
56.033333
14.210993
164.903287
532.275641
318.110169
465.963620
609.241528
17.435099
209.664089
434.754545
127.777869
114.429151
553.552632
600.690260
402.469896
473.661321
236.393656
861.753901
784.834426
849.233977
235.134615
463.222581
184.265571
174.742251
637.220257
700.567241
725.188889
821.053448
380.618692
490.111538
318.100000
219.644578
795.194077
292.330605
380.924157
133.158993
191.274092
448.774138
82.439744
25.868601
761.257143
561.795455
431.918533
728.476054
90.289655
293.213115
706.767797
847.303008
426.218498
809.030508
804.289247
140.956140
351.107492
337.934211
819.278397
564.807641
824.091304
103.670513
65.344595
821.303497
462.644340
449.067391
206.650530
35.099123
269.216667
384.604098
360.003952
135.491729
390.388339
412.423188
265.575710
528.746626
195.565789
636.394966
268.597557
538.873944
345.461388
227.928283
828.938996
487.124074
574.186755
144.750360
512.032748
342.871429
300.443253
308.798829
630.534385
599.025342
773.266460
790.446278
122.834307
949.800000
542.570288
316.920922
543.101839
629.812281
762.879630
664.532530
921.300000
765.169795
794.135714
196.129683
302.358252
356.194444
808.565018
782.279452
521.093262
218.527723
788.629705
816.165772
413.924096
805.118182
819.431206
638.615517
376.650890
711.530460
188.519878
409.800344
850.305668
542.519355
147.379245
18.935484
272.999226
811.962718
962.600000
779.898444
775.048592
659.289189
627.450000
840.979245
777.577409
440.877713
269.957937
844.160606
851.269675
359.669718
789.493373
436.074561
188.986050
610.346990
791.315385
639.971536
793.772973
770.756934
459.950000
775.969231
253.635380
194.550000
182.329508
172.772131
378.633172
976.600000
766.382230
433.179845
578.459459
249.371429
818.864135
648.496785
793.954225
821.410963
805.957338
937.100000
468.175325
630.327491
788.842767
673.989666
825.796970
788.133333
834.033223
944.700000
739.359524
624.255629
762.115385
565.947006
621.556631
831.972727
817.261702
603.435971
794.096479
957.200000
782.752542
335.492401
320.747170
153.404204
160.664035
772.374476
312.302469
652.864286
792.800709
433.848649
808.338941
362.742398
42.632390
233.775000
792.962069
476.294681
780.955556
800.911092
956.300000
812.119355
937.500000
789.628105
746.713919
779.588629
373.954545
303.046805
806.217869
810.694624
935.400000
577.646721
784.981298
775.201587
804.456026
939.400000
613.712763
924.800000
821.249618
726.389408
925.400000
784.044737
959.000000
959.700000
810.670588
809.255518
921.200000
765.210749
788.626027
749.290778
789.019512
823.228571
837.591837
957.900000
754.042767
822.979498
955.300000
543.597010
324.087156
924.900000
940.900000
839.057746
955.700000
709.803835
833.641281
292.292308
941.900000
803.453247
957.300000
804.025559
959.700000
802.927397
939.400000
942.300000
958.600000
965.500000
918.500000
933.800000
952.300000
935.000000
813.285342
806.384211
811.162718
802.770886
786.648387
756.956311
946.900000
808.459170
923.300000
916.500000
953.900000
787.742857
829.536996
943.800000
945.700000
823.115603
809.864865
915.500000
794.322293
939.700000
905.600000
932.400000
934.800000
724.091566
796.633977
936.300000
802.710526
944.700000
926.600000
773.742767
815.632997
926.100000
952.300000
823.436620
930.200000
800.232155
938.000000
814.600000
937.200000
771.587755
677.745289
811.478397
833.103497
947.100000
815.884211
926.200000
799.156026
929.500000
940.500000
848.582528
839.393750
918.700000
950.100000
938.300000
617.152366
816.384906
944.800000
304.674468
957.300000
807.256026
947.500000
947.800000
926.100000
827.579730
808.754206
811.018182
939.700000
940.000000
832.093197
844.888136
960.100000
830.802878
951.400000
807.667584
946.100000
813.921192
936.900000
984.000000
836.464912
984.600000
939.300000
816.066225
821.801370
830.098990
961.500000
966.100000
823.185342
950.800000
949.600000
945.600000
969.200000
970.500000
978.400000
832.719377
957.700000
963.600000
930.500000
973.800000
811.311321
524.985714
939.000000
836.735154
931.500000
830.621311
942.600000
790.242767
954.000000
949.600000
959.400000
834.863082
821.350000
809.917869
966.500000
978.900000
794.072727
960.800000
968.000000
962.900000
829.308633
824.708108
961.500000
814.405263
351.711111
974.500000
828.082772
834.432026
949.500000
943.100000
947.500000
836.251825
966.100000
800.017241
943.800000
825.666555
954.100000
806.852632
934.900000
953.700000
948.700000
958.900000
957.600000
798.972555
945.800000
840.044295
843.528571
969.300000
973.200000
819.051825
950.100000
937.100000
954.400000
825.521053
950.400000
813.820973
943.100000
740.779008
814.980573
963.200000
809.831206
963.000000
952.700000
966.100000
959.700000
835.059567
813.215408
960.900000
797.917981
819.127129
794.748101
814.327397
957.200000
965.600000
830.097279
956.800000
942.200000
825.943709
800.090895
966.900000
970.600000
965.400000
944.700000
966.900000
809.677305
850.153623
833.241772
827.576190
836.915493
938.200000
857.063598
948.400000
943.500000
848.003497
945.700000
944.100000
837.911511
953.300000
853.206557
962.800000
800.964103
932.200000
821.628105
827.331579
946.400000
836.266431
955.200000
931.100000
937.300000
945.800000
970.400000
951.600000
958.100000
972.700000
959.200000
960.400000
947.900000
810.470968
818.232450
844.010169
814.324183
961.200000
973.000000
959.700000
948.100000
960.000000
955.500000
973.100000
959.500000
831.423404
792.804249
958.900000
843.229889
839.865993
843.899237
960.000000
964.800000
954.400000
829.789744
957.600000
856.489892
820.477640
827.731459
818.915408
850.461092
959.400000
948.000000
975.300000
959.800000
957.900000
835.519377
838.984906
972.500000
971.200000
838.408108
965.300000
967.500000
979.200000
853.800730
851.421053
984.900000
481.966667
959.200000
828.727869
805.695960
963.100000
865.526415
975.400000
843.473408
948.100000
975.900000
847.436312
818.460976
850.155482
844.532886
966.100000
293.651246
990.700000
859.926848
953.300000
945.300000
845.559779
983.200000
972.500000
803.381388
970.500000
833.075000
983.600000
850.997279
796.478947
979.000000
968.100000
963.700000
828.572727
836.332155
857.377741
985.000000
972.300000
869.363636
825.045860
976.100000
979.200000
685.359322
973.300000
975.200000
978.600000
971.900000
839.370447
818.091368
989.100000
979.900000
853.209363
850.564706
853.208633
749.420152
818.555150
826.772727
863.732824
303.762391
965.100000
853.411511
824.476984
858.773684
836.230976
822.180225
834.818182
992.400000
834.139668
811.903642
983.500000
237.525424
850.051724
954.350000
982.600000
818.082524
802.166221
848.323843
858.850685
831.945161
976.600000
994.600000
704.284477
842.006993
875.954682
828.659779
995.700000
997.500000
839.735739
614.307122
980.400000
159.529339
872.519926
662.603484
664.615789
971.000000
832.536278
217.618519
810.298350
953.100000
963.800000
992.200000
860.875342
836.358131
827.963407
968.400000
349.152632
114.710359
972.500000
848.138889
859.623077
280.498860
850.765125
851.100847
616.929720
663.966667
982.900000
825.020968
851.300000
1010.900000
842.609756
837.373239
857.347985
686.421569
276.253155
861.061702
846.944186
967.100000
824.750442
855.888742
877.724031
849.865125
960.500000
985.200000
857.350685
823.173112
302.315493
982.600000
831.788629
843.398123
986.600000
872.940602
973.200000
963.900000
667.723041
960.700000
810.415789
820.635739
977.000000
970.900000
706.131010
961.200000
979.600000
980.400000
963.900000
991.500000
960.050000
853.306993
857.009363
847.806557
827.458833
978.600000
995.900000
842.131206
820.615408
976.000000
845.825397
814.043373
967.200000
840.510692
982.100000
975.500000
971.200000
873.016988
963.200000
809.335802
978.200000
795.817791
969.700000
851.573684
840.766445
879.819926
842.447059
983.300000
989.000000
850.578853
984.200000
977.800000
832.294118
972.400000
839.726019
969.400000
972.500000
863.130112
843.478788
980.200000
983.100000
981.500000
862.123843
832.651807
991.400000
852.930408
858.665724
859.511511
977.400000
987.100000
836.491720
992.700000
971.700000
827.017981
987.500000
844.494558
264.038462
962.850000
974.200000
830.166460
961.700000
854.599340
991.600000
817.754795
989.900000
853.590875
836.388732
846.841772
824.425974
983.400000
985.300000
858.406494
854.193197
970.100000
967.700000
852.861702
976.900000
859.631579
978.700000
992.900000
979.300000
878.523529
828.919355
989.900000
868.583333
840.712658
862.479585
986.600000
993.800000
981.000000
849.647985
965.200000
836.006794
824.721927
984.300000
858.001370
982.700000
990.700000
862.001460
876.402878
849.428013
977.000000
988.800000
988.100000
824.783544
1000.700000
847.801587
963.800000
858.019377
966.100000
968.500000
961.900000
991.400000
846.113986
851.616555
982.600000
865.364045
991.700000
975.600000
972.100000
986.600000
859.933223
972.400000
991.400000
873.532479
514.743443
975.400000
993.300000
855.264706
852.195455
984.600000
835.892157
978.500000
852.077640
796.212712
968.400000
979.800000
981.600000
988.700000
981.200000
975.900000
885.226415
986.500000
791.369672
846.694366
979.300000
984.100000
971.200000
830.097360
844.913580
869.183544
975.000000
843.127508
957.000000
969.900000
842.725436
852.777181
985.700000
828.646370
867.191228
869.188889
980.100000
854.533223
832.163793
838.495017
866.401370
1000.700000
857.889744
987.000000
828.744369
993.100000
858.774061
845.653698
815.030952
856.203448
869.569231
296.036364
839.988732
867.206993
289.431746
851.013793
993.300000
990.500000
980.600000
1002.100000
989.300000
875.104918
998.400000
827.360702
1000.200000
847.072727
985.700000
839.652432
827.547173
994.300000
878.163636
977.300000
857.533333
867.032997
841.400000
858.215493
861.846124
835.313158
975.900000
806.643939
848.930061
824.053175
847.154967
838.633333
834.055150
977.800000
865.301460
991.900000
856.632886
1001.500000
843.716225
879.133206
873.315771
989.100000
838.099254
1000.100000
867.432155
859.764865
996.300000
858.210963
836.481481
987.700000
851.538596
843.729825
862.615493
841.191961
840.897690
856.884058
865.023843
990.600000
860.565125
860.763082
836.746278
893.652174
836.987755
983.900000
975.500000
860.059170
867.165125
851.670144
985.700000
872.739852
844.201807
835.742857
991.800000
977.200000
314.478571
983.600000
869.712639
842.871186
984.500000
997.100000
988.900000
271.133333
834.455172
978.000000
