-0.148512
-0.204287
-0.409596
-0.595246
-0.690570
-0.776413
-0.902295
-1.042226
-1.175663
-1.327603
-1.595106
-1.693877
-1.835624
-2.073530
-2.232161
-2.322229
-2.443064
-2.678392
-2.880155
-3.028434
-3.178039
-3.375923
-3.399066
-3.590843
-3.738763
-3.914285
-3.970747
-3.831376
-4.024143
-4.179159
-4.269486
-4.380232
-4.327960
-4.503101
-4.529193
-4.517534
-4.609962
-4.565393
-4.634439
-4.712597
-4.859130
-4.895522
-5.025749
-5.129062
-5.134083
-5.185315
-5.339784
-5.390115
-5.385073
-5.458979
-5.476409
-5.488095
-5.469959
-5.590057
-5.660657
-5.783878
-5.736115
-5.902285
-5.893493
-6.014677
-6.092212
-5.993295
-5.850724
-5.862217
-5.788280
-5.810743
-5.861937
-5.916793
-5.882862
-5.973995
-5.991758
-5.861128
-5.886933
-5.858349
-5.979016
-6.098975
-6.155800
-6.202846
-6.320135
-6.336731
-6.218430
-6.223904
-6.340813
-6.387931
-6.424385
-6.271667
-6.373685
-6.478273
-6.451513
-6.404850
-6.520663
-6.599515
-6.572480
-6.606432
-6.720965
-6.833755
-6.607884
-6.579997
-6.517140
-6.310096
-6.255181
-6.300388
-6.344418
-6.281780
-6.198940
-6.129777
-6.043310
-5.900940
-5.877012
-5.743364
-5.666470
-5.632969
-5.629934
-5.578690
-5.517483
-5.542094
-5.501995
-5.544516
-5.539459
-5.664436
-5.437739
-5.364008
-5.366718
-5.289814
-5.262235
-5.387181
-5.495309
-5.351104
-5.226768
-5.081254
-4.990258
-4.942276
-4.849771
-4.653579
-4.646845
-4.549946
-4.345569
-4.377958
-4.181410
-4.193442
-4.131327
-3.971043
-3.803417
-3.506880
-3.540657
-3.540459
-3.507719
-3.469778
-3.350476
-3.344575
-3.301240
-3.277594
-3.262077
-3.152092
-2.963138
-3.028565
-2.928182
-2.803289
-2.612376
-2.928742
-2.879749
-2.821944
-2.768047
-2.756639
-2.715192
-2.632892
-2.476864
-2.429978
-2.285433
-2.187134
-2.160032
-1.779190
-1.762599
-1.925266
-1.895487
-1.781818
-1.698900
-1.625731
-1.498789
-1.437012
-1.221269
-1.183255
-1.080142
-1.044508
-0.970220
-1.022597
-1.192337
-1.090602
-0.805605
-0.829936
-0.671770
-0.674086
-0.693433
-0.765933
-0.701511
-0.650529
-0.675603
-0.593109
-0.511672
-0.427503
-0.341309
-0.325208
-0.335170
-0.239980
-0.174739
-0.326877
-0.379539
-0.318946
-0.388090
-0.215401
-0.286206
-0.462963
-0.517902
-0.392981
-0.305034
-0.313414
-0.280980
-0.207281
-0.090905
-0.016427
-0.185204
-0.235596
0.064145
0.019657
0.080531
0.390100
0.328482
0.442649
0.484249
0.562019
0.377202
0.444215
0.384435
0.506685
0.501362
0.657446
0.890515
1.045822
1.180774
1.284331
1.368811
1.447344
1.512633
1.573353
1.656051
1.786464
2.025241
2.129151
2.068878
2.098990
2.224635
2.404344
2.478225
2.422796
2.219113
2.337870
2.350909
2.479604
2.394714
2.301090
2.315650
2.516181
2.489750
2.459171
2.511821
2.561742
2.619936
2.413678
2.422971
2.410439
2.459978
2.701417
2.604767
2.531008
2.548562
2.674214
2.801637
2.822187
2.938516
3.072644
3.186450
3.197771
3.413632
3.769308
3.643834
3.667534
3.838282
3.898554
4.022855
3.922578
4.086959
4.048499
4.274245
4.311778
4.551190
4.535792
4.590557
4.520111
4.541761
4.637446
4.770480
4.825361
4.805734
4.914899
5.032553
5.084025
4.971443
5.031014
5.115410
5.156479
5.272335
5.458570
5.443285
5.557021
5.589200
5.642197
5.621275
5.613404
5.565800
5.330694
5.090827
5.234489
5.235644
5.429339
5.531753
5.517014
5.281794
5.258354
5.369412
5.409402
5.284738
5.316029
5.349040
5.457349
5.524109
5.570942
5.686845
5.679490
5.738981
5.741725
5.725419
5.917605
5.953988
6.062633
6.138080
6.086563
6.144653
6.212800
5.911644
5.980108
6.074740
6.160206
6.196285
6.324133
6.272262
6.288428
6.233548
6.209644
6.213389
6.355157
6.472555
6.516083
6.572040
6.619713
6.372537
6.476197
6.609024
6.673015
7.078111
6.827022
6.854758
6.810210
6.823001
7.019424
7.065874
7.312279
7.461880
7.624594
7.514297
7.529265
7.533735
7.530229
7.502511
7.488241
7.565788
7.736397
7.731713
7.897070
7.904620
7.847463
7.854352
7.848659
7.875207
8.019455
8.072847
8.169972
8.232003
8.231350
8.341951
8.659748
8.640855
8.629798
8.774643
8.973211
8.910568
8.924778
8.912446
9.049619
9.464456
9.189509
9.286025
9.342196
9.391200
9.402621
9.418384
9.492043
9.614798
9.751743
9.925645
9.829029
9.874480
9.860021
9.918747
9.998074
9.945538
9.902318
10.126335
10.585593
10.619570
10.654552
10.596556
10.798859
10.724596
10.703499
10.646439
10.679443
10.923332
11.206210
11.165507
11.224566
11.250341
11.229249
11.332637
11.469841
11.531804
11.577881
11.614054
11.606391
11.554185
11.541194
11.557418
11.748316
11.451581
11.407321
11.505081
11.418782
11.449839
11.433953
11.468324
11.155899
11.250175
10.956984
11.094435
11.253001
11.229392
11.269471
11.190874
11.330624
11.396821
11.351848
11.362717
11.614062
11.545921
11.574733
11.605167
11.628948
11.798755
11.895297
11.900064
11.902899
11.839839
11.994450
12.157313
12.163399
12.155040
12.325055
12.406137
12.386543
12.433602
12.401010
12.437691
12.491375
12.897602
12.556781
12.543822
12.633531
12.679391
12.763897
12.735726
12.713558
12.684883
12.696701
12.548769
12.960184
12.855719
13.084680
13.059885
13.257439
13.348963
13.396898
13.493534
13.602082
13.666819
13.565820
13.459112
13.377414
13.465511
13.602992
13.625056
13.605822
13.564833
13.559549
13.554868
13.657189
13.624555
13.736569
13.698314
13.662164
13.603826
13.896129
13.785769
13.973569
13.887495
14.202709
14.091807
14.197283
14.154237
14.172554
14.235358
14.292756
14.418069
14.462651
14.504495
14.534656
14.616596
14.646975
14.489932
14.433220
14.510266
14.655175
14.801274
14.988928
14.914242
15.179242
15.192463
15.247546
15.148110
15.102573
15.060615
15.466997
15.542773
15.728156
15.679149
15.591357
15.531142
15.426055
15.474695
15.703691
16.088417
16.204625
16.211438
16.190196
16.246982
16.243957
16.449225
16.393320
16.355015
16.473860
16.917129
17.308048
17.387492
17.363791
17.329303
17.361081
17.214948
17.247659
17.304742
17.431495
17.515337
17.670516
17.682535
17.606179
17.590573
17.482112
17.478744
17.964279
17.998187
18.074957
18.358645
18.308510
18.478325
18.926436
19.025797
19.070380
19.161897
19.134710
19.269954
19.378681
19.359471
19.402556
19.371093
19.241247
19.211223
19.474479
19.311519
19.602087
19.323728
18.904199
18.946008
18.956418
18.884556
18.956521
18.929387
18.961522
18.946627
18.840869
18.796414
18.963602
18.931887
19.123584
19.242929
19.395357
19.312261
19.718256
19.623186
19.554145
19.520488
19.766574
19.738458
19.818491
20.006660
20.070777
20.173500
20.147137
19.986356
20.068591
20.335016
20.612351
20.500894
20.651956
20.615833
20.117628
20.075969
19.950975
19.924226
19.774945
19.752560
19.659009
19.740163
19.780405
19.871151
19.769940
20.032256
19.938004
19.992048
20.047486
20.078118
20.096733
20.188489
20.262889
20.045748
19.992989
19.816594
20.086935
20.258254
20.144276
20.164461
20.035793
20.006327
20.022971
20.192089
20.172622
20.160362
20.252879
20.315302
20.359884
20.401011
20.833362
21.047799
21.069658
21.162685
21.199752
21.079397
21.230603
21.297110
21.492900
21.601005
21.581414
21.560515
21.592881
21.725595
21.690080
21.752491
21.650060
21.799938
22.394499
22.476522
22.519949
22.627165
22.718444
22.760534
22.647940
22.639098
22.591777
22.605526
22.521795
22.566606
23.909393
23.869300
23.757243
23.862897
23.971191
24.053765
24.003800
24.055533
24.143825
24.136030
24.174348
24.272468
24.473353
24.436507
24.433156
24.514546
25.130209
25.501772
25.361469
25.530310
25.913648
25.760965
25.892072
26.131199
26.089745
25.642172
25.588076
25.631968
26.176984
26.018432
26.041762
26.093338
26.392499
26.330756
26.338289
26.357278
26.699934
26.846802
26.951938
26.889634
27.036899
27.689401
27.949335
27.763619
27.762142
28.069885
28.255973
28.765781
28.666550
28.625590
29.097678
29.072620
30.052950
29.948491
30.209528
30.346038
30.177563
30.066554
29.940280
29.931663
29.658960
29.739151
29.697686
29.511749
30.149270
30.562028
30.734856
32.075463
32.121454
31.910549
31.734944
31.609228
31.695504
31.811934
32.551849
32.445254
32.424743
32.370808
34.149864
34.006612
34.329296
34.446030
34.466205
34.736613
34.920602
35.539062
36.029836
36.606179
36.478316
37.014239
38.142103
37.811423
38.332432
38.770729
38.734628
39.941599
39.672062
39.551754
39.525006
39.628254
39.511179
39.198682
40.551158
40.340315
41.352818
41.253147
41.174504
41.591871
41.438784
41.399896
41.484496
41.577760
43.854706
43.581305
45.727020
46.160169
47.374425
47.638948
47.267562
50.203730
49.896859
49.612786
49.868301
49.629996
50.310881
49.948810
49.570682
49.785607
51.730843
51.896583
51.698072
53.318948
53.184613
53.427880
53.034133
53.644494
53.372644
55.676652
55.502965
56.245020
60.389965
60.346421
62.272113
62.508343
63.080029
64.937217
64.601703
64.827019
65.454526
64.903287
66.761537
68.836040
73.838700
73.193816
73.342444
73.854181
74.156315
74.831335
74.968848
75.687142
75.664010
75.230046
76.548509
77.064024
77.209899
76.998704
77.779789
77.847883
80.703006
80.370571
81.959106
84.936424
86.267578
86.077330
85.470880
84.744252
84.746725
84.459614
84.334134
85.442641
85.460724
86.275545
89.489484
90.083996
90.268247
89.705065
90.801397
90.094767
91.038645
94.739546
94.048627
98.128538
101.442438
101.954976
101.967150
101.965181
107.505481
106.621042
107.814480
114.730335
117.231109
116.696423
119.326866
118.813154
121.077233
126.600644
126.865046
131.449476
134.076064
133.011213
132.639051
132.158790
136.351189
135.470502
136.870315
139.092384
140.082960
143.329532
142.259159
143.359057
148.467074
148.273877
151.116007
156.842635
160.832707
165.199744
166.510827
165.919561
164.323268
167.417545
172.263712
171.497020
170.789036
172.201972
174.700258
174.025733
173.588384
179.369179
177.804351
179.820003
179.553451
180.642333
186.109419
188.390028
191.123013
191.913402
196.557043
201.297188
206.740309
211.123965
212.399634
217.396455
223.854491
224.734032
227.474054
230.111351
235.240155
237.184428
239.763558
244.677393
246.638302
251.026865
252.940596
250.941091
248.991892
253.824894
257.950693
263.992186
264.806814
270.425746
269.023248
272.051447
276.219415
280.864483
284.493761
285.331126
283.038576
287.636735
293.176368
290.606681
294.709816
293.499493
297.521969
298.975979
304.741219
303.376036
309.128276
307.211206
311.006276
313.335657
313.232706
314.939820
319.061605
322.736110
326.447997
326.310979
327.265567
330.503937
331.276574
331.893613
331.166060
335.201318
334.227700
337.941198
338.394134
342.591583
344.143539
349.628104
353.351590
355.796540
356.006933
352.564453
354.336497
359.638132
357.764766
355.435756
358.964946
364.578297
368.067276
367.535443
369.461593
370.113051
373.124088
373.200805
376.938278
380.994801
384.697971
389.580991
393.430251
394.156647
397.552773
400.793971
397.602205
394.481958
399.352139
397.849517
401.218995
404.840287
408.575587
411.999772
415.378454
420.582669
422.122972
422.384584
418.935806
422.755605
426.029486
429.172502
432.132321
436.901998
434.854079
435.566781
434.039251
437.392673
440.446682
441.922048
445.109595
449.919499
453.031101
456.157003
454.336606
458.576239
460.580447
463.900606
467.044803
463.184522
464.249169
466.987999
471.342119
468.229789
472.698491
475.543435
477.396488
479.874427
482.598993
482.996526
480.618318
483.586234
482.575004
484.393768
487.177024
489.519903
487.802675
490.896891
493.220198
497.196996
500.431656
502.801902
505.279012
509.377222
511.845386
515.892932
518.192737
522.237810
526.163432
528.875455
531.531443
531.054907
530.761950
532.640842
535.126211
537.474225
538.398511
533.575311
535.956199
534.819175
538.850983
540.116068
542.724340
545.048983
547.036734
545.217613
547.609382
550.167303
552.183715
553.474642
556.045134
558.236980
557.433448
561.061114
563.321471
564.613490
560.135522
560.193773
559.297856
561.590126
563.775835
566.307405
569.898331
569.285591
567.528111
569.848888
569.872103
568.310548
570.797982
569.646055
573.520594
577.049388
574.927808
578.533530
578.209639
577.371293
578.088295
579.684251
581.685009
582.765767
586.438109
588.655061
592.071510
594.038781
591.159908
593.525887
591.738405
593.753398
595.862450
596.551037
593.834261
593.018516
592.726073
591.209587
589.520344
591.913353
590.576457
592.414533
587.150617
589.101061
589.976436
592.061185
593.862135
595.487620
597.149514
599.148892
597.312403
596.366903
598.295081
596.108112
597.671967
593.341271
595.532513
597.746885
595.695416
597.720187
600.169868
602.111563
597.549302
596.509488
591.596504
593.669507
592.216176
589.584629
585.041669
587.627939
582.686027
585.003482
587.009211
586.698082
588.551045
588.616223
590.394932
592.251979
592.841654
594.788553
597.956667
596.866945
598.707642
599.305250
597.801521
599.036157
601.269939
601.652838
605.092310
607.151938
609.230079
608.370921
611.624212
615.150970
616.408404
619.530320
618.723950
621.944711
625.203264
626.970453
627.064099
628.954523
631.920978
634.878768
636.338822
637.688020
640.608140
640.844652
643.746205
640.244673
639.337211
642.317839
639.887370
638.429262
632.347445
632.053949
630.859313
632.672709
629.782509
631.464810
634.461162
635.843647
631.419475
628.153021
629.648062
631.251285
627.827361
629.464412
627.860856
630.880247
633.759445
635.542085
638.600664
634.879542
634.064306
637.117663
638.422037
640.043479
636.319749
638.086733
639.805505
641.707010
644.614940
646.160518
644.104428
645.679026
647.076543
648.770856
651.608147
653.399016
654.978718
653.791834
654.475905
657.495146
660.255195
661.638298
658.793656
660.263374
658.162217
659.316364
660.571473
660.077000
660.956806
662.137256
665.079883
666.249959
667.883453
669.413204
666.948534
668.540789
669.101159
670.791056
671.700835
673.467512
676.282837
677.494640
678.992897
680.582592
681.669946
679.542153
681.072205
680.372904
680.024002
675.098078
676.434351
675.757091
677.249360
679.818867
681.009408
682.527349
683.578953
686.304163
687.693107
689.007650
690.380685
691.568370
692.668772
694.174896
695.170607
695.385358
688.723965
691.124725
691.960425
692.843351
693.562525
690.798322
692.174403
687.547782
689.196084
690.605901
693.138842
694.395626
695.716721
694.364221
695.369547
693.391367
694.490996
691.007401
691.940768
688.152718
682.788493
676.519761
673.827975
670.454788
671.648957
673.056766
668.305143
669.645521
671.051176
667.288585
668.659485
667.644546
668.333364
665.913530
662.617499
664.376585
661.495514
662.841512
664.424994
665.597603
659.943910
661.659926
659.053241
656.031485
657.737647
659.035244
652.858255
652.376396
654.242231
655.530490
656.569273
658.192290
659.248212
661.025200
662.852737
664.410194
667.361092
664.374792
665.083294
658.772499
660.452106
661.019867
660.351509
660.228388
661.436285
664.383922
663.860583
665.318424
664.289792
665.949559
667.704718
667.861652
662.279738
663.742966
665.252870
666.887649
661.305939
662.818880
664.501756
660.537001
660.324534
663.551289
661.585375
663.194924
664.780272
665.960827
667.669666
669.222197
670.969553
669.701153
671.434012
674.217672
671.168885
674.105196
672.354219
673.138379
674.623086
676.268505
677.737207
676.615515
672.933010
674.220829
674.714352
670.719322
672.084337
673.693221
675.240062
675.260772
676.576552
678.254257
679.461240
675.210988
676.950934
675.230671
673.210838
675.026765
676.298312
676.402211
679.278189
680.736204
679.544577
677.087009
671.662217
668.279845
669.746184
665.957639
667.662174
668.923107
667.399698
668.785120
670.044153
670.871280
669.670453
668.069260
668.936159
665.172021
666.806844
668.527721
670.048588
671.308086
673.136669
674.457096
675.823512
677.493971
676.917689
679.676512
676.939075
674.266955
675.435769
678.269412
678.000676
680.793670
681.949262
684.642770
687.372342
683.055387
679.614416
675.872761
673.122396
674.381172
676.168095
673.487289
673.179712
671.885112
673.450044
672.005398
670.004998
671.592813
673.239437
675.028831
678.015543
678.785917
680.367296
682.121239
684.889026
685.982058
688.838237
691.357855
692.942284
694.258381
689.283010
690.780323
691.996091
693.355630
694.399898
696.970899
699.705190
701.057690
702.293820
703.851100
704.955059
707.393509
706.217122
700.458509
703.199924
705.709925
706.559445
707.788277
709.053946
710.122597
712.664371
713.740541
716.274136
717.518551
719.894365
722.216422
722.784162
720.986916
722.002495
723.115315
724.348492
720.084586
722.608740
715.987705
717.155354
710.645364
708.471501
707.030170
709.433868
711.778530
714.315744
715.512376
717.873252
720.264519
721.501385
724.061371
725.172156
727.558435
728.212584
730.490458
732.722554
733.698162
734.797804
735.676794
737.793026
738.427373
740.671099
742.924388
743.983894
743.296510
745.438545
744.984971
743.477004
742.978970
745.144180
743.361781
745.591163
747.696252
748.461207
750.489595
750.685622
751.328063
753.192783
755.306855
756.156759
758.170192
760.039490
761.081722
761.818317
762.464306
764.458663
764.966752
765.315716
764.169128
766.027437
767.142866
767.945350
768.497602
769.087267
770.944394
771.394724
771.805406
772.463507
773.046600
773.658414
775.557830
775.882223
777.600401
778.245014
771.987357
772.241199
774.164787
774.876437
776.818673
777.326084
774.821293
776.793080
777.470435
777.832223
778.213863
771.549376
771.774079
772.244243
773.129801
773.890696
772.533708
774.540371
768.391136
768.821725
769.398322
770.147771
768.282962
765.875541
766.267100
763.539762
765.617364
766.042536
761.490111
763.525210
758.504326
759.213505
761.353370
758.537892
759.230115
759.994968
760.429924
761.099844
761.463882
762.243613
764.293177
764.880012
765.545988
765.902068
762.076205
760.387699
760.323704
761.057531
763.109956
763.759885
763.994100
763.455506
761.485589
762.145447
762.633280
764.744947
766.695498
767.288314
765.404115
763.716706
764.484644
759.382359
756.991619
758.942703
754.496414
750.481742
752.726925
753.089124
755.301233
755.713993
757.892853
759.957924
758.230360
758.506095
760.596034
761.383528
763.223693
763.373836
761.134645
761.865313
761.187895
757.633111
756.330726
752.125625
752.303631
750.642399
751.601990
752.471704
753.404604
753.750678
754.684231
752.720243
752.477533
748.525847
746.938461
742.363471
742.606925
743.755015
745.949465
746.895191
749.087239
751.181366
747.486987
748.073434
748.567736
750.952059
747.181260
746.585076
742.971005
742.197589
743.121034
745.305823
747.529765
749.617468
750.376687
749.975674
750.950134
753.182633
753.892086
754.756792
755.776577
756.784911
758.810062
759.468314
759.997066
758.356301
760.342738
756.041918
758.134499
760.266154
760.549066
762.496575
764.524610
765.210353
767.298250
769.321267
764.468998
760.274743
762.296995
762.512721
763.015063
763.833241
765.768909
767.772220
768.441803
765.594718
766.077357
766.696275
768.534312
763.659015
760.161279
762.178667
764.240880
764.796796
766.877828
764.434065
766.357724
768.168147
770.211465
772.140351
774.024947
774.710562
776.431457
778.170142
779.976441
780.603691
782.283654
784.233818
785.951479
786.361566
788.066950
789.766281
790.131725
787.881275
789.742463
791.560038
785.694760
787.522813
789.456584
784.629970
779.327265
781.135992
781.689281
779.910802
781.824694
783.767447
784.252926
783.054763
783.670614
785.615908
787.342749
787.747684
788.256539
786.520474
787.236469
787.558981
785.714549
787.662404
784.582478
777.842692
778.495492
774.123313
774.871857
776.775139
771.992820
773.933892
774.484164
776.460323
773.784045
774.417713
770.163730
770.775602
772.679846
773.468607
773.906177
774.217895
776.282716
777.036513
779.060148
779.489664
780.107911
780.620650
780.953772
779.156689
781.122122
776.340679
772.072652
772.884983
773.441895
775.357476
777.159901
778.927302
776.597605
777.180492
779.142687
779.696810
781.605842
783.360783
779.363727
781.072090
779.958791
776.594096
778.400155
775.055058
775.437795
777.224417
779.137173
781.073801
781.677760
782.307052
784.189981
777.594198
779.493256
781.519323
783.321130
783.530877
785.205568
787.165513
788.993858
790.706919
792.305850
793.926791
795.473523
796.941788
798.567370
798.723003
800.384773
801.802926
803.373896
803.663749
801.698632
803.197646
804.846669
799.732519
800.129526
801.709231
803.436139
804.990777
805.419695
805.741803
806.047595
807.503119
809.149088
810.598597
810.820754
812.581546
814.062731
815.556104
817.073543
815.582663
816.980837
818.466028
819.888368
821.255484
822.391930
822.423447
823.979213
825.422421
825.465739
826.896081
826.668162
823.345142
819.513972
821.034832
822.438484
823.853099
825.481568
827.032752
827.255638
825.430713
818.642132
818.590231
816.547960
818.028480
819.579196
819.205096
818.016698
816.785913
816.810720
818.354613
814.651601
816.285085
811.334159
811.633992
813.333652
814.786316
814.961815
816.495197
818.105245
819.548193
819.636288
819.807100
819.948045
817.848203
817.940770
813.386664
814.827797
814.812657
816.237531
816.386275
817.478412
817.381579
818.738763
815.985793
817.420935
818.909725
820.369628
820.792131
822.322210
823.782988
825.270158
825.573614
827.024878
827.241663
827.076600
828.373834
825.890606
820.423956
820.377410
821.979635
817.762324
819.245701
820.711244
822.294131
823.801190
821.553094
823.075563
822.726284
822.649000
824.135510
825.546155
827.070693
827.128750
828.579463
822.416119
822.496229
823.764267
825.179624
819.840559
821.283153
821.397536
819.217530
819.311626
815.187022
816.831151
818.287840
819.859961
819.673042
821.138312
822.506929
823.893860
823.846489
824.004423
818.477274
818.457906
817.519603
817.809661
819.117565
820.525389
820.585977
821.994118
823.576176
825.016415
826.550251
826.406925
827.907856
829.350778
829.265896
825.270743
826.736035
828.273675
825.507330
825.861626
826.056010
824.162642
825.554015
825.694113
820.024322
820.056615
821.596049
823.057089
823.262633
824.625006
826.038756
827.430369
825.073065
825.119752
826.677555
820.969859
821.101150
822.552139
822.743578
824.129142
825.364851
826.862202
828.013580
824.288505
824.256600
824.593127
824.601756
824.653401
824.665719
824.591895
823.155843
823.174414
824.626670
826.242404
827.537979
823.942924
816.126566
817.672301
819.224578
820.573832
814.764607
813.641405
815.008991
815.183511
815.313284
816.677151
818.140380
818.419081
818.614433
820.039289
821.585896
822.988037
824.302156
822.983226
824.354394
825.797850
822.397093
823.780122
823.825728
825.407471
826.798396
826.789962
826.767639
828.027963
828.175997
829.273237
830.618505
830.507297
831.857224
833.263651
834.497015
835.765045
837.037394
838.308020
839.568940
832.696005
831.176827
832.599059
830.961157
832.356546
833.621980
828.999368
828.987293
830.314420
831.737276
833.021903
833.136261
833.166004
834.300344
834.361857
834.464064
831.278593
831.257821
832.605243
833.894190
835.343248
836.758816
837.909228
839.300135
840.577134
841.706363
842.673299
843.864566
845.067920
846.264241
846.179452
847.236658
848.362291
849.318668
850.446482
851.666017
851.597462
852.772487
853.795762
854.684805
854.499211
855.525219
856.536966
857.486597
858.487731
859.585853
860.559995
857.163449
857.080984
856.877949
858.002169
859.058148
860.098566
861.216581
862.350415
863.382911
863.167730
864.255053
863.941612
864.772196
865.759474
866.661879
860.840559
860.563097
861.508466
857.713959
858.786819
859.860951
861.009341
862.084248
862.781406
859.374184
860.416442
860.115223
861.203071
860.843812
857.828187
858.917905
858.906755
859.969688
859.905190
859.559018
859.118380
859.150566
860.165060
855.015981
856.086821
852.533957
853.643617
854.541181
855.690769
855.576401
855.191462
856.289547
857.251652
852.752796
851.421484
852.612269
853.699146
853.671454
854.718739
854.476833
854.349122
852.997564
849.329957
850.474657
844.928217
844.896821
841.078456
842.398671
843.297685
844.493708
845.695771
846.751813
845.018775
842.601557
843.705541
844.759486
845.869891
845.829737
846.984440
846.846442
847.992977
842.361061
836.266284
837.581621
838.884805
838.735855
840.016496
841.196331
842.497368
843.821394
845.068180
846.278499
844.619402
845.861208
846.962596
847.999970
849.212970
850.316841
851.320672
852.437466
853.492091
853.331811
854.380492
855.515687
855.305371
856.333317
853.108710
852.806149
853.868087
854.789406
854.468639
849.378788
849.264907
850.380258
851.603456
852.745421
852.505300
847.899682
843.352070
844.524550
844.405054
839.914379
841.234236
842.512893
842.555921
842.225195
839.823113
841.091882
842.274963
843.405214
844.495162
845.668210
843.814451
844.973306
841.914996
843.052846
844.389318
840.381175
840.203347
841.325313
842.564060
843.746420
844.836956
844.585174
844.506933
838.587074
838.453237
838.274325
834.755826
831.638476
831.459245
832.785652
834.167796
835.588118
836.691237
837.937324
839.102951
840.142922
841.342492
842.557067
843.739497
839.017884
840.163705
841.321068
842.596857
838.327341
839.726068
840.911807
840.504539
841.559494
837.625741
837.279998
838.521198
834.789672
834.703100
836.128069
837.467788
837.057042
837.208500
838.540415
838.547751
839.850274
840.925771
835.737008
836.887638
837.920762
838.070093
832.758482
826.949524
828.363029
829.789399
826.525572
827.966316
829.306653
825.490124
825.547076
826.895605
828.187649
829.236772
830.725405
832.034151
833.294809
834.339861
830.419447
831.603253
832.684220
833.960378
833.942706
835.184279
836.560437
837.772832
838.983104
835.988435
837.396551
838.745585
838.568355
839.783672
841.118835
840.924883
842.133635
843.513298
843.344353
844.546909
845.703440
847.056406
844.078316
845.310533
846.608428
847.816344
849.012180
843.661093
844.995482
844.645089
844.798738
844.535427
843.095821
844.264862
845.378214
846.458432
841.696078
841.593824
836.862244
838.114622
839.336475
839.412908
840.519779
841.776582
840.074695
841.342948
842.635519
840.927656
842.219379
843.525185
844.667933
845.807254
846.798182
839.381119
839.255194
840.446643
834.982079
835.178778
836.467990
834.185812
835.502954
836.573924
837.924185
832.463297
833.711664
833.459367
828.974311
830.372567
831.771842
831.788300
833.127417
834.485143
835.788291
836.998408
837.185963
838.396104
839.584143
839.555386
840.695832
840.871951
841.931231
836.804840
836.794569
837.994623
839.189677
835.291090
835.268734
836.638047
837.914666
839.315520
839.314504
840.611359
841.768246
842.863563
838.751573
838.858956
840.135366
841.419013
842.462822
843.721194
845.080982
846.212172
847.433051
848.640720
848.525159
848.245820
849.456362
850.574798
851.748050
852.988570
854.118684
855.270497
856.402792
857.441764
858.265346
859.366693
860.494026
861.514086
862.605945
862.357191
862.104437
859.013244
859.973111
859.665278
860.503625
861.584588
862.428743
863.318455
862.887458
862.221672
863.267455
861.589206
862.729313
859.190382
860.367478
859.966524
860.748859
860.547510
857.821051
859.051840
859.868322
859.521240
854.380839
855.501031
856.585021
857.545171
858.589719
853.945493
855.163038
856.194408
857.325464
858.356209
859.330647
860.290341
861.147437
862.193963
862.030777
861.724673
862.716427
862.264670
863.421023
864.317813
865.428635
865.114959
866.110810
867.116702
868.099535
869.088539
865.563544
866.612909
862.340623
863.346217
864.320754
864.261386
863.802624
864.668598
860.400453
861.462448
862.559824
862.327638
863.228362
864.317078
864.011340
863.584501
864.522656
865.710430
866.845326
867.795872
864.078354
864.956571
863.226243
859.756819
860.698251
857.284777
858.226929
857.892581
858.907656
858.730739
859.762432
860.877808
861.860030
862.673429
863.513695
864.487558
865.487682
866.363806
867.357168
865.492507
866.364582
867.134936
868.147587
869.048111
869.798630
870.777644
871.816867
872.828699
872.485918
870.393128
871.441197
872.367785
872.976107
873.916346
874.928183
874.601973
875.399953
876.207954
874.147323
875.077849
874.636738
875.648370
876.481887
877.350068
878.128567
878.916281
879.714119
880.502977
880.238318
881.048934
880.679438
880.355378
881.136824
881.916456
882.734291
883.609948
884.548849
885.423360
886.287127
886.874255
886.357695
887.246118
886.871545
887.516830
888.312662
889.064535
889.804890
884.510718
879.060020
879.874419
879.117597
874.693984
869.546302
864.393765
865.324827
866.493579
867.575643
866.633868
862.680406
858.054796
857.709227
857.553042
858.638512
855.868320
856.865636
856.636369
853.188827
849.072477
850.090752
846.297792
847.593814
848.680876
843.126616
844.094350
845.183407
846.326573
846.031797
843.859146
844.948554
845.037822
844.678944
844.406125
844.133104
844.076413
845.174649
845.188554
845.308826
846.450738
840.449653
841.637157
842.910785
844.114678
842.353699
842.190356
843.355452
844.530898
842.725779
843.919522
845.051326
842.702916
843.883887
845.246048
837.354069
831.950288
833.440785
833.435481
834.685126
836.084275
837.372432
838.705708
839.943651
839.928723
841.018436
842.214251
843.462109
843.655313
843.124721
844.351474
844.178940
844.092134
845.544212
845.685298
847.120446
845.286151
842.557940
844.005361
845.233307
846.512974
847.765844
849.081186
848.067894
849.320215
849.198932
850.454942
851.643393
851.333139
852.484807
852.427973
853.697693
854.950716
855.927209
857.059937
856.714822
854.844285
856.104842
851.721635
847.554981
844.457301
844.434182
838.788327
838.693102
835.981202
835.971634
830.492072
831.777151
833.166380
827.627541
823.444103
821.435341
822.861988
824.255368
824.334665
825.791318
825.654292
825.448729
820.302241
814.271992
815.860272
816.141002
813.073736
814.786999
816.301129
812.203494
807.431424
809.217110
807.089182
807.549563
803.326452
803.770381
799.693037
800.159015
800.670857
802.536149
802.907675
803.270679
799.798029
799.419185
799.811579
800.188196
800.695103
802.570152
804.246450
803.711330
803.754620
805.421073
800.427072
802.069801
797.711454
794.725483
796.421228
798.118016
798.411255
800.164142
800.504001
802.147961
802.372893
803.944164
801.404920
803.022870
804.856642
806.506075
808.171015
809.652304
811.337781
812.887404
813.191190
810.552002
812.213482
809.855214
806.682786
806.837114
805.588604
800.057385
793.430697
788.177647
788.569050
790.291359
791.895446
793.663491
795.421857
792.101305
787.949444
789.849950
786.935789
788.850431
790.650927
788.466405
790.261741
792.013124
792.483897
788.900392
790.579388
790.997919
792.774939
794.382190
796.137368
796.636769
798.371402
798.867259
794.738041
796.539660
798.209264
795.980130
797.737328
799.472955
799.726226
801.418963
799.420132
801.221930
801.537725
794.908432
795.424940
797.178690
796.998953
796.983450
797.095803
799.012845
800.709717
801.062363
802.862740
803.290953
798.536400
800.307036
802.101965
798.423803
800.391565
799.939842
801.613443
800.199265
801.824272
802.216244
804.026082
804.342846
805.960417
807.550813
809.263305
809.533988
806.425687
808.065431
809.626776
810.019620
809.970981
809.133157
810.696825
808.055949
803.145321
804.772868
806.546139
806.824393
808.401149
808.365683
810.004026
804.424252
799.031565
799.500792
799.883334
800.311834
800.542990
800.484597
800.880418
802.498613
801.408192
801.900221
798.714285
800.557142
802.346571
804.063105
804.195605
796.630962
793.444163
795.207722
790.437250
791.077912
788.144230
788.809060
790.506969
792.307900
793.008020
793.325071
790.912594
792.714468
793.232410
789.143089
791.030658
792.733351
794.430018
796.122718
796.831846
798.474528
800.122782
801.782554
803.513729
803.989143
805.544252
802.814435
804.448290
803.038534
803.363398
805.158764
806.859177
807.165206
803.066975
803.304225
803.415703
803.697806
803.909571
802.020958
798.057387
794.563540
789.190235
790.965333
785.286957
787.100087
787.721101
789.506890
791.469821
791.962188
793.801566
794.077136
795.750364
797.506861
798.894792
798.975859
800.725101
802.503850
803.029600
804.668304
806.302621
808.050595
809.676089
809.985240
811.581388
813.087574
814.590698
814.854656
809.894374
811.428430
812.920146
813.034522
814.533177
815.916845
817.426677
818.925410
820.513156
822.043024
821.868795
821.891737
821.582134
823.163313
824.646680
826.018213
827.535031
827.493931
828.910991
830.405881
826.196823
827.590854
829.136946
828.944989
828.850438
829.039262
830.457870
830.437809
828.906982
824.459967
826.016367
820.843017
821.340620
818.720176
820.089975
820.018725
819.780457
821.368652
819.372219
819.717905
819.785713
821.229856
822.666557
824.273891
825.787152
822.909756
822.977538
824.413762
825.909625
818.383066
819.775236
816.274497
817.868752
819.311065
820.966954
822.489285
823.854392
825.180848
826.524039
828.112799
828.134275
829.639932
831.154533
832.521988
833.863768
835.135130
836.411779
831.682419
827.607066
827.500229
828.854227
821.125685
822.535428
824.089073
822.441668
819.022251
820.427028
821.932758
823.383431
824.763596
826.083960
827.463121
828.840489
830.127085
831.366814
832.819146
834.060954
834.089106
835.315215
836.732063
838.134743
839.586395
835.009651
830.023610
823.186359
824.772495
826.316770
827.677602
829.065826
830.453168
831.786636
833.319770
829.751812
830.937294
832.241921
833.679502
835.034707
836.423360
837.757126
839.187555
840.416680
841.650513
842.862008
844.032388
842.433356
843.527022
843.674781
843.540792
844.725384
845.786130
846.966269
848.247606
849.421130
850.634919
851.907569
853.045494
852.764891
852.660343
847.675509
844.568579
845.828893
847.095604
844.300469
845.532464
846.819139
846.565187
845.939800
847.175402
848.408648
849.464562
850.550916
851.726407
852.705143
853.680092
854.517291
855.360118
856.549517
852.481876
853.587058
854.532187
855.604865
856.725817
857.936558
859.044193
858.891637
852.861604
853.815988
854.776828
855.865059
856.983409
851.259432
851.107314
846.652649
847.884122
843.667311
844.925638
846.131381
847.272067
848.421347
849.583133
850.680302
851.698499
852.867514
854.118839
854.011854
855.209735
851.197804
850.966363
845.812041
847.038921
848.282531
849.464706
850.632059
851.737738
852.804361
854.084317
855.390474
852.198553
853.237567
853.111969
854.226850
850.864664
851.886017
851.838443
851.398527
845.439617
846.500221
847.769219
847.599069
844.130983
844.159945
837.344497
837.366663
837.497467
838.827492
840.100217
841.076215
840.980140
842.187339
843.621466
842.703539
842.548995
843.845505
843.782153
841.180711
842.426904
843.581634
844.728818
838.728913
833.555481
834.917927
834.306149
834.470359
835.770656
835.870253
837.265551
838.674895
839.862146
841.089525
842.242630
838.887264
840.355391
834.912859
836.450730
836.231997
836.001123
834.549574
835.873078
834.157023
828.407741
825.056661
826.547094
826.744208
823.257582
824.598006
823.373000
824.853270
826.239737
827.529340
828.828047
830.136766
831.458398
832.929814
834.294516
835.661571
835.557289
836.929716
838.140419
839.477015
840.824244
840.390174
841.722273
842.966050
844.385389
838.929125
840.228833
836.166444
837.379779
838.687981
839.809102
835.436903
836.720534
838.001329
837.944710
839.324263
839.199496
840.509501
841.510406
842.808302
844.094219
843.837027
843.873248
845.297516
846.254541
847.483995
847.507892
848.790813
849.749905
851.021406
847.849397
849.068903
850.312214
851.551092
852.739581
853.908185
853.767763
854.853086
855.972555
853.263937
854.474298
855.624555
856.782309
857.850486
859.048982
860.032492
860.997167
862.007195
861.888863
862.971974
864.019255
864.984062
865.960222
865.571363
866.722649
867.795423
868.839469
869.804074
870.821033
871.658823
872.622235
869.721937
864.631641
864.291538
864.052400
863.825672
864.968415
866.005731
865.650561
859.851587
855.298001
856.320021
857.240821
858.392413
859.551488
856.887632
856.780861
857.799052
853.280413
850.249971
850.164334
851.355691
852.451134
846.519956
847.808756
849.049669
848.681524
849.900708
848.319438
849.533244
850.683911
851.850072
852.981571
854.142756
855.225328
856.523075
854.508044
855.409963
856.641864
857.780445
858.808641
859.719554
860.736359
861.739995
862.741595
863.604179
860.014165
861.101024
862.120013
860.799503
862.013508
861.807359
862.972286
864.047563
864.875087
865.942336
866.944913
867.906464
868.979399
869.876605
870.724839
869.995416
867.085747
868.179890
862.678471
863.704686
864.582639
865.604813
866.567765
867.615087
868.523936
869.419697
870.427500
870.041602
869.790454
870.747549
871.657074
872.706503
872.398010
873.272030
874.028309
873.878147
874.787366
875.842492
876.871067
876.002164
876.869142
877.798451
878.698466
872.814975
873.570825
872.998095
873.869114
874.750423
875.477918
876.480139
871.659659
872.615062
868.942134
869.932712
870.873385
871.838651
872.778265
873.451482
874.299967
875.360968
876.187358
872.659131
869.529851
870.664553
871.559907
872.618308
873.601125
873.157540
872.875999
873.651239
868.659830
869.551232
865.342527
866.306101
867.401040
859.263751
860.382113
861.585292
862.712439
863.802315
864.878292
864.643614
865.654178
863.916439
864.839274
865.780881
866.830073
863.755523
860.403869
861.282830
862.321002
861.986808
862.914939
863.906790
864.843722
865.773285
866.777552
867.679777
865.797217
866.882245
867.890422
863.574527
864.652782
865.631254
866.725941
866.522655
867.639428
867.403007
868.450977
869.217467
870.124292
871.134049
863.361094
864.542483
865.409058
862.004534
863.188489
861.621996
861.432075
862.348754
863.282266
859.431814
857.671270
858.735558
855.851388
856.917874
856.688874
857.822985
858.932756
859.862428
861.032804
861.936476
862.944111
862.892905
857.595529
858.720574
859.902368
861.003345
862.110311
863.313208
864.359076
865.430485
866.268180
867.098499
868.080514
869.085708
870.109851
871.032753
872.033425
872.900091
873.764090
874.735449
875.471095
876.392384
877.204460
877.992415
876.500209
877.394207
878.283265
877.687456
872.072805
872.935077
872.736245
873.634883
873.431433
874.270118
873.743837
874.637398
875.587024
876.476154
877.338392
877.988009
878.847128
873.286332
869.773094
870.685363
871.568509
872.661824
872.219743
873.294545
870.907634
871.882558
871.559887
868.291381
868.995467
870.021512
866.476864
867.164096
868.184455
869.027610
869.882334
870.893511
871.935576
872.831220
873.582908
870.978209
864.755623
865.735067
866.652716
867.452189
862.609428
863.743334
864.651901
865.375382
860.108128
861.071047
860.945665
861.966208
858.391459
859.385545
860.444689
861.528242
862.366960
862.213360
863.091227
863.988314
864.974431
864.639195
865.744803
866.842355
867.631931
868.566612
869.615946
870.586786
871.523919
872.493679
873.373743
874.277005
875.078235
875.991453
877.022538
875.003979
873.185052
867.651621
868.686104
869.727243
870.704971
871.655921
872.454362
872.233572
872.979236
873.913444
874.870309
875.793606
876.652670
877.579143
873.015653
873.989496
871.477499
871.044087
871.944646
872.842200
873.656778
874.606210
875.538148
869.326347
870.283083
871.129252
872.039960
872.932560
872.485275
873.363422
874.249788
875.076290
876.068527
875.239656
876.236260
875.670685
873.014978
873.803828
874.629790
875.494492
876.305547
877.130492
877.901187
878.808175
879.666093
880.432432
881.145108
875.978484
873.458375
874.265791
873.857214
874.713642
875.646506
876.574041
877.297300
878.253327
877.794988
872.551467
873.489952
872.953267
873.852734
874.612207
873.535679
874.425323
875.272069
876.182349
875.924883
876.784634
877.615787
878.467630
879.329953
880.258654
881.089067
882.084176
880.568579
881.107893
881.935814
882.569456
883.025761
883.791504
884.656588
885.338023
884.749532
885.617037
883.457224
878.827708
879.657431
880.350857
881.174348
880.726031
881.571771
881.108158
880.683875
880.243977
881.098537
880.015656
880.859499
881.523904
882.258665
880.633248
881.492916
882.353986
883.208447
884.001362
884.653348
883.923125
883.474222
884.340480
883.835355
878.807383
873.224565
873.984320
874.838477
875.765092
876.656441
877.468877
878.403188
879.174156
879.950414
880.709910
881.465811
882.244153
883.025711
883.678454
884.430670
885.348363
886.210879
883.514451
884.251306
883.643330
884.406897
885.129828
886.018530
886.798345
886.390634
887.220727
887.898520
887.581907
887.035549
887.816194
888.535032
889.119681
889.799485
890.513490
885.931522
882.845540
883.447085
884.233614
885.160278
885.771675
885.325440
886.214185
886.987043
887.804173
888.489131
887.953233
888.779701
889.316904
890.117735
890.918558
891.636372
891.093324
891.735391
892.562037
890.116099
890.833938
891.666599
892.447933
892.851454
893.647939
894.240460
894.844055
892.108083
891.490196
892.139294
886.476427
887.215663
888.001506
888.710491
889.435386
888.661430
889.470816
890.164107
883.782966
884.590137
885.306235
886.060173
886.842571
887.712146
888.281024
889.181214
889.763402
890.514768
891.168620
891.784934
892.543084
893.451654
889.863833
890.521195
891.220983
891.780773
892.520965
893.075756
893.564998
894.106348
894.829285
895.464992
896.064342
896.939699
890.731954
891.470634
890.983670
890.367419
890.928745
891.492458
892.343533
891.641054
892.377643
892.962867
892.329027
892.673737
893.259999
893.953399
894.642865
895.204437
895.883392
896.537558
897.087183
897.837311
898.405938
898.979878
895.708366
895.311022
895.933912
896.605573
897.287517
897.887642
898.423766
899.008528
894.463011
895.181381
895.957567
896.532991
897.237661
898.021285
898.535072
897.790128
898.514227
899.184085
899.857244
900.548672
899.914491
900.563346
901.265712
901.802055
902.412035
901.733887
902.447548
902.939073
903.701682
904.373665
898.177861
898.941082
899.444672
900.175225
900.609473
901.221378
901.787164
902.231292
902.681980
903.304160
903.830118
904.488817
904.955929
905.411369
905.979256
906.564463
907.188819
907.687930
908.187051
908.819181
909.311989
910.062869
910.535240
911.137888
911.729509
912.312214
912.866092
913.365431
913.781776
914.338959
914.756569
915.239003
915.665613
916.101957
909.719311
910.306118
909.566556
910.060891
910.434282
910.866939
911.487270
912.136397
912.502033
913.049013
913.561523
914.055907
914.517348
914.961175
915.340563
915.758157
916.144576
916.574130
917.010389
917.503285
916.611405
917.041291
917.467878
910.404603
910.966557
911.522891
908.082016
908.655196
909.254644
909.914098
910.505957
907.394315
908.044372
908.654928
909.331379
909.721065
908.637152
907.800113
908.413111
909.054980
909.479431
910.027636
910.583360
910.935526
902.386840
903.093971
903.712032
904.182911
904.584082
905.185241
905.636389
906.209025
906.792935
907.238006
907.783625
908.181789
908.612971
907.916749
908.341581
908.768166
909.322484
909.801259
910.231246
909.219675
909.855478
910.527923
911.013644
911.571507
912.197792
912.497814
912.836836
913.256468
913.760903
914.106294
914.482231
915.027409
915.489135
916.002243
916.526221
916.959959
917.309359
917.610266
918.070163
918.584461
918.859617
916.439081
916.782690
917.100863
917.446855
917.838386
918.188002
918.502122
918.732101
919.024780
919.406532
918.481885
918.677066
919.115295
919.651142
920.150631
920.522124
919.503146
919.931114
918.937782
919.364405
918.371427
918.766713
919.193046
919.530115
919.962814
920.186186
920.690324
921.147421
921.579947
921.773147
922.301416
921.241474
918.626675
919.128408
919.550124
918.587141
917.701811
918.177793
918.596015
917.501107
918.000096
910.502957
911.231927
911.812608
912.278482
912.814697
913.334550
913.819204
913.066223
913.519561
914.001365
913.271794
913.855076
914.446526
914.818060
915.222880
908.802672
909.249645
905.556772
906.052204
906.580682
906.982875
907.435047
908.026696
908.530429
909.048125
909.567644
909.900967
907.553102
903.954928
904.562378
905.210755
905.763647
906.223011
906.737780
907.335403
908.022049
908.637828
909.046450
909.563985
907.288589
907.962703
906.486433
905.796220
906.338258
905.784204
906.446362
907.060898
907.573290
908.087557
908.675681
909.275924
909.723165
907.423427
907.960193
908.549591
908.981095
906.475361
906.844608
907.427162
908.013890
908.812751
905.019792
905.639594
906.031198
906.524886
906.985637
907.607780
908.153703
908.700166
909.014164
909.609022
910.079932
910.658133
910.955551
911.371996
908.912233
908.137928
908.762549
909.289923
909.885024
910.497174
911.189202
911.743310
911.218838
911.602650
912.218623
912.697437
913.164463
913.602818
914.116790
914.569622
909.789716
910.262819
910.896190
911.465228
912.016576
912.664410
913.305766
913.749709
914.205212
914.792159
915.145238
915.666785
916.358118
913.291487
914.049572
914.757076
914.007960
914.406880
914.956812
915.374243
915.988501
916.419616
916.667420
917.194746
917.646798
918.211330
917.198327
917.728343
918.232060
918.610739
918.988632
919.401746
919.889728
920.514831
921.029682
921.359386
921.702792
922.097764
922.661786
917.340982
917.953572
916.950751
917.391243
917.975331
918.392577
918.836652
919.227285
919.872012
920.246292
920.834829
921.252481
921.743956
922.120517
922.531311
921.674128
921.984387
917.755469
918.114914
918.681765
919.289948
918.362373
918.842749
919.331321
918.422786
918.973558
919.437822
919.926444
920.539180
919.839428
915.379139
916.078348
916.450565
917.005059
917.498008
917.790028
917.010900
917.438791
918.034403
918.569059
919.046368
919.388905
919.906016
918.124665
918.388418
912.050677
912.810170
913.283068
912.510357
912.558253
911.358190
911.944608
912.419162
912.929971
913.486671
914.243804
914.880366
915.312562
915.804437
916.273392
916.717659
917.201482
917.621467
913.268176
913.746494
912.725353
913.264099
913.809458
914.309364
913.614260
909.417814
910.036636
910.423270
906.775944
907.402185
907.865163
908.445511
909.148056
909.752575
910.331050
910.879739
911.483942
911.953102
907.564074
908.079434
908.774639
909.328893
909.875604
910.374848
911.008099
911.382018
912.031198
912.521886
913.066667
913.598001
914.167021
914.572350
914.991627
915.569711
910.115654
910.580497
911.085692
911.667835
912.271157
908.091319
908.770405
909.379701
910.016904
910.511735
