-14.851246
-5.725926
-20.735185
-18.974675
-10.127617
-9.274834
-13.364676
-14.895344
-14.385906
-16.369685
-28.077928
-11.472222
-15.868519
-25.626230
-17.936678
-11.238930
-14.405732
-25.975884
-22.854704
-17.708065
-17.988889
-22.966422
-5.690230
-22.576829
-18.382822
-21.290909
-9.560526
9.966368
-23.108065
-19.525749
-13.211888
-15.344068
0.847004
-21.842105
-7.112264
-3.363309
-13.760368
-0.153065
-11.469930
-12.450307
-19.365839
-8.498315
-17.918310
-15.357018
-5.631183
-10.257285
-20.632192
-10.372892
-4.885906
-12.775676
-7.201931
-6.645016
-3.674561
-17.479747
-12.650000
-17.982822
-1.007547
-22.353097
-5.023134
-18.011811
-13.768182
3.799442
8.263793
-7.000000
1.531481
-8.034615
-10.930097
-11.347541
-2.523729
-14.996091
-7.750307
7.071223
-8.441611
-3.028571
-17.925000
-17.975000
-11.781433
-10.860403
-17.931746
-7.979747
5.493346
-6.765789
-17.914815
-11.052589
-10.033333
8.847368
-16.473427
-16.832526
-3.802236
-1.785211
-17.986139
-14.405891
-3.896047
-9.967610
-18.059763
-18.000000
15.753414
-3.819188
-0.294330
14.187226
-0.818519
-10.775884
-10.703390
-0.080620
2.002158
0.717391
2.516914
8.193662
-3.508065
7.487801
1.945946
-2.316340
-5.329439
-0.505556
0.542058
-7.978622
-1.532192
-9.754054
-5.038889
-18.037184
17.005344
1.935324
-5.635052
2.323770
-2.531915
-17.756897
-16.200000
8.925194
7.082491
9.324638
4.018421
-0.192079
4.308209
14.769388
-3.980097
5.042982
15.887801
-7.584483
15.276866
-5.384615
2.018085
11.897004
12.791608
25.850209
-6.884520
-3.520900
-0.266434
0.286424
8.460345
-2.760299
0.988889
-0.936601
-1.725926
7.736441
15.743307
-9.505891
7.009770
9.561111
16.287970
-34.248974
1.970561
2.900738
2.567808
-1.627258
1.388112
5.514789
12.969847
2.211765
12.024567
7.544444
0.523077
35.924176
-0.120103
-18.029299
1.052564
9.471429
6.509966
5.618085
11.068421
4.678947
20.137276
2.580070
9.128058
2.483333
6.384219
-6.207937
-17.996552
8.981208
27.409091
-3.238762
14.986691
-0.903420
-2.608730
-7.943399
5.676271
4.396644
-3.157937
7.573770
7.550631
7.905172
8.191935
1.268817
-1.321429
9.183784
6.284211
-15.388620
-5.593069
5.679787
-7.233333
16.880783
-7.295902
-17.961905
-5.956849
11.974227
8.401685
-1.143069
2.930070
7.088889
11.430303
7.356931
-16.894193
-5.224390
29.738516
-4.384615
6.107071
31.037405
-5.771713
11.745205
4.602649
8.261238
-17.919718
7.078571
-5.533871
12.609434
-0.025610
16.109836
23.964286
16.421212
14.541077
11.536424
9.732394
9.222085
7.976271
7.584588
9.843151
14.697368
25.664173
12.416216
-3.898187
5.080070
14.663566
20.195506
9.792446
-3.064676
-17.945455
14.094771
3.641781
15.220408
-6.009410
-6.967647
3.757071
22.368750
-0.126923
-0.568182
7.724227
7.503846
8.381208
-18.005882
3.342982
1.169799
7.364261
26.603922
-6.963636
-4.771084
4.286411
15.113768
15.416547
4.856601
14.455052
16.351375
14.453226
4.318567
24.783813
38.981250
-8.778049
6.013768
20.742373
9.865517
16.328595
-6.004817
20.360653
0.240964
26.623077
8.027586
28.252941
3.011455
10.012274
-2.454110
6.685110
14.110284
17.940876
10.258621
2.862590
15.722302
16.680255
10.179787
-6.174242
10.928595
13.470588
9.222355
16.742088
23.895763
3.930070
16.816914
8.774919
10.888889
3.550000
4.834211
0.853012
-17.944795
-18.656055
19.457042
5.350000
24.605172
15.670732
4.057792
-18.004918
2.937736
16.364184
9.368345
-7.056918
8.413768
8.617178
16.179932
12.133333
10.207430
17.161238
4.951375
11.628571
6.013322
4.111165
24.944068
9.555882
16.818493
13.607266
0.986424
11.895522
12.959434
-23.902802
12.758042
15.443248
14.621378
9.768085
18.981081
1.137063
7.888889
0.800334
3.843151
6.584211
20.390157
18.094982
10.825325
12.111765
11.339373
-18.097880
16.738516
19.758911
13.008081
47.182609
-18.030769
9.600631
2.400000
8.089241
26.465385
11.664360
31.706383
22.272355
23.733333
-3.405150
9.011165
7.976271
7.183121
4.758389
6.075503
15.242982
24.626644
7.267972
24.267442
8.652120
2.188889
8.536396
7.285065
10.503406
22.300000
13.358621
17.785410
14.373064
8.166667
19.291503
40.121622
6.770478
7.535110
23.114286
28.631481
2.708940
10.331579
7.691503
22.629787
50.533333
-18.030249
18.841077
14.903113
14.242599
10.533333
10.978947
16.784219
21.767568
23.309253
27.141971
0.264094
14.374074
8.428571
15.732653
17.851408
4.744495
5.623529
32.304023
56.052137
13.983333
14.117742
4.854930
30.826882
3.372535
8.614948
4.997468
13.946885
35.068310
39.211111
7.135915
17.071429
13.802091
9.141077
21.568085
25.053047
17.666102
16.139568
15.195161
10.847682
6.385852
10.255072
13.163636
30.647183
-17.925153
7.025503
21.183333
2.875166
14.524567
9.861238
14.871014
-19.774176
20.583505
-18.068966
24.702158
26.950943
8.892105
15.237288
3.409836
25.165854
17.950358
6.899442
12.438806
36.497183
4.800000
14.427108
14.618085
13.983333
28.609574
21.452985
12.371986
12.183566
5.596903
27.301003
28.280702
12.765873
11.327526
29.156522
20.433333
10.446715
17.092453
9.174377
16.069084
17.806149
53.114056
-21.184483
11.260811
21.514789
17.219466
21.130070
9.946755
10.518919
9.846057
13.866667
-2.096491
53.690323
2.513605
35.751859
10.605212
32.815254
22.409836
18.142466
23.060526
24.348276
20.075850
3.566867
2.895082
5.289251
22.187102
27.213636
15.809386
11.701639
9.506931
13.036424
13.091503
23.786913
10.393836
24.825887
9.911111
10.083282
7.828435
42.834116
2.860127
32.565753
5.366129
45.408904
3.112583
24.639373
9.892652
15.985987
20.452941
19.975166
26.824074
18.876271
18.646980
17.520664
22.728571
17.654545
-1.057289
8.818732
22.137801
29.001181
29.265079
33.566667
7.520253
41.414232
16.501375
20.700738
5.303960
10.594444
10.906780
55.698754
23.044595
34.081081
10.827451
6.900000
9.569799
5.022510
20.290067
38.374227
54.176325
27.709253
16.885878
14.087261
21.868817
15.944444
36.770796
10.858682
12.562782
28.239568
60.800725
56.009091
25.252459
15.017391
13.914966
20.507071
2.747802
20.486081
22.955882
29.980070
25.815658
33.033333
18.872383
10.046945
16.045522
6.744509
17.145283
66.032270
21.355052
25.675232
46.443750
13.345183
35.289964
63.289394
28.862587
23.484114
28.222085
16.443151
32.659073
30.142701
17.457692
23.667949
16.256271
6.386441
16.238889
45.536842
3.178470
48.368310
-8.233819
-22.629179
23.085065
19.987097
11.770199
26.081081
16.243082
22.142857
17.472054
8.370779
14.395390
35.515232
15.792063
38.101587
31.058081
34.485813
11.085714
59.911765
10.211238
12.719048
16.188516
44.129070
16.954950
27.741781
38.635374
26.418421
30.342982
17.537288
4.069014
28.209836
46.711070
48.068512
9.466667
35.607071
17.039701
-29.204644
15.951703
7.576523
17.276119
4.996154
17.536396
10.397468
27.774377
23.764360
28.855052
9.750000
46.001587
10.607071
25.342336
25.535915
23.110701
21.939535
29.272355
27.628481
-1.451180
14.769841
2.353468
46.850752
37.218831
8.860386
22.162821
7.297678
17.089189
21.670732
36.934775
18.245390
18.946580
29.412088
26.495183
24.773529
24.472535
63.636142
42.277075
23.233657
30.372383
24.869355
9.164286
36.200000
27.881250
40.876109
32.303414
19.641935
19.491516
24.797070
34.864286
18.174074
27.931208
11.509386
36.637838
81.256061
30.596774
26.819231
33.241606
31.755052
26.927485
11.501083
21.763694
17.907071
23.966667
14.232390
27.002941
156.845329
19.900000
12.663694
34.322605
34.692334
32.228571
19.057261
29.177044
32.884775
23.364360
27.967808
33.986364
44.360976
20.788757
24.101408
32.572152
86.080769
62.286496
11.471560
42.245515
63.864103
10.645324
38.871747
49.804753
21.985826
-18.667647
20.232653
29.977211
80.133577
10.321795
28.351408
31.199442
56.009404
20.218182
27.084014
28.237276
60.622848
41.386735
37.360345
20.721598
41.616084
92.287179
53.682797
9.377745
27.615873
58.536486
46.678683
79.236747
18.842662
24.570588
75.834314
26.591935
127.105556
19.607071
56.052201
43.860592
13.498442
19.076707
17.439189
29.078522
2.661371
37.678070
25.592617
11.104040
93.263866
71.425000
47.844898
164.795489
36.674567
11.031034
14.350000
19.163345
40.236803
43.338516
105.803436
21.892308
30.394161
27.031293
210.276421
19.824648
66.275000
46.002708
36.463557
61.507018
53.135441
96.766667
84.616418
93.664151
23.819903
90.070567
149.800680
5.074101
89.912298
82.162162
35.160653
159.431648
12.987948
27.641270
36.876923
49.849847
27.920671
8.261538
174.446254
19.466901
141.590569
31.385714
33.388889
82.911224
26.283121
37.550000
49.859901
50.810886
269.272388
16.514613
258.152769
89.041935
167.585762
73.826744
10.500332
340.884351
19.516667
21.489550
75.164286
26.037736
117.718519
14.103774
12.136036
71.063131
244.309220
68.304839
32.045528
213.785714
39.885410
77.511321
14.053191
114.070228
26.459477
283.773418
38.308014
129.708442
470.739474
56.035616
252.915615
85.895070
119.676947
248.798837
31.385826
87.133333
127.577673
10.330619
250.728358
274.211837
569.101961
9.350332
88.056623
124.516144
104.067626
141.658249
88.582635
146.798265
73.373944
32.267568
207.076358
128.100000
91.651515
56.090411
155.107194
84.589264
363.360142
47.459509
239.224074
379.690909
218.051792
67.242784
25.432390
12.808042
84.991513
56.035669
71.911594
195.184808
87.251007
166.942765
407.669492
148.940681
108.509091
33.950000
199.338312
20.138369
184.482558
461.128746
25.647670
502.039744
429.518553
152.696166
103.172414
101.770290
655.995167
19.061538
225.964865
799.400000
364.807692
63.762541
379.740678
67.955674
345.221127
673.418339
153.040805
585.308065
394.108209
27.590977
95.795070
84.612871
551.398714
48.282491
275.451805
359.077193
238.150000
464.740149
36.292308
252.248896
654.160759
129.147368
432.486885
723.778873
555.849827
597.536364
296.308029
107.384247
6.290244
473.751007
652.034247
95.594463
100.698689
312.082609
422.030508
107.247761
130.290845
751.667871
22.886396
379.369588
153.164841
288.441584
727.350965
414.170339
461.688462
270.161905
656.277509
670.571530
745.609363
645.105839
338.690909
712.081749
863.200000
311.808642
498.736232
491.203691
742.991837
429.667460
495.097398
731.147059
440.768272
685.494595
442.400000
52.990033
56.021212
732.292135
666.404762
862.100000
345.454967
826.700000
130.176022
571.843087
688.848297
740.726165
643.792308
368.230243
56.076094
742.854545
841.600000
36.207692
700.920134
173.677586
695.747059
442.922977
875.500000
168.222930
878.600000
117.421306
686.718182
543.944371
303.040523
483.944156
727.118339
686.512052
693.924843
312.746154
421.769811
651.102532
407.767630
392.980503
259.138316
734.691837
237.839531
705.577509
383.234848
758.139007
497.787179
892.600000
721.976712
597.846575
376.835866
11.758885
529.768852
884.500000
172.301581
124.863758
708.354795
920.300000
713.476159
314.884015
560.150482
434.607317
671.216822
380.795768
746.948101
782.590602
751.311765
873.000000
774.506993
466.069880
733.769231
721.672555
81.617376
85.577515
881.500000
249.089934
734.797360
763.348148
778.370370
750.994077
749.867901
935.800000
574.612950
448.284211
77.506711
800.915771
750.143709
740.331081
725.154430
909.100000
232.110063
506.124290
282.813793
769.381443
742.793548
587.983333
760.676712
926.100000
761.079705
765.621311
274.117241
878.300000
658.996997
792.596296
778.320339
81.016667
569.649254
738.132203
902.400000
160.109091
915.100000
757.192908
660.848699
725.190446
752.330976
522.352349
245.175710
777.409934
382.463230
664.451351
762.719355
721.464901
317.797170
797.224242
723.227586
890.900000
820.662992
737.456230
750.512987
915.100000
756.193548
916.600000
745.873477
922.700000
914.800000
797.365724
794.474330
483.877778
501.759236
718.651163
781.177778
769.927607
629.902830
56.078457
771.664103
422.253795
938.000000
665.359459
800.943284
775.188629
743.824138
365.124561
784.394558
803.401460
751.808511
681.276398
810.523843
775.229730
477.883849
920.200000
787.096816
692.523377
116.816667
565.960606
470.602098
788.524812
780.161092
816.932824
925.400000
508.624373
393.537589
799.605755
572.170440
413.716612
817.053901
455.605263
957.100000
926.400000
364.891390
935.500000
546.144444
494.375000
649.071533
737.683819
779.760131
689.760784
950.000000
808.133223
930.300000
788.798658
306.151466
827.757746
414.777707
793.237755
804.658591
664.721088
324.873453
512.259813
563.774194
441.077419
422.285294
828.821311
458.223684
774.384039
66.022973
782.195050
676.638525
798.451351
772.156204
756.410627
761.677049
797.087248
415.500000
502.762458
789.184615
379.598266
752.493617
164.602341
812.465414
816.969742
392.600000
798.172555
842.688235
794.339350
145.885461
493.567940
105.211111
798.896774
448.336364
329.061538
135.288596
843.668657
93.436810
814.431449
785.576385
555.896346
771.994389
595.068852
766.487097
776.099685
651.219403
787.531544
911.600000
488.984471
780.936655
658.468421
448.932390
721.265116
822.414286
639.559877
945.600000
811.055172
814.965993
523.314286
933.700000
964.300000
740.894444
928.600000
538.893315
940.800000
947.800000
801.922222
636.335020
816.106494
925.600000
927.700000
780.884211
771.258621
929.700000
664.259288
931.000000
293.593023
549.498452
937.400000
399.270948
494.076599
30.247552
602.997792
512.590343
812.198990
343.652632
798.012698
931.100000
772.709668
193.426403
304.774074
777.657093
789.970370
288.858912
791.532450
469.108824
929.800000
918.800000
812.023404
941.400000
266.488462
553.355932
939.400000
767.555150
800.566225
267.670447
813.018182
809.963934
829.955985
932.500000
799.172727
440.551557
801.564151
785.430816
816.507801
932.500000
830.694981
811.369231
536.290323
722.198962
956.400000
933.500000
798.565517
377.174074
805.765517
450.147664
773.576923
784.827273
611.124096
748.057666
779.001779
956.400000
782.087410
829.599340
820.858621
422.946154
826.174061
724.577778
838.090909
761.768919
848.368582
955.000000
797.463115
827.320339
837.962406
789.317949
468.890678
832.547312
611.142105
645.482722
187.431579
808.725436
608.708306
824.984058
934.200000
798.872973
832.803497
787.687736
956.100000
825.198587
819.147368
826.311111
809.149180
801.608591
843.281203
793.746006
716.645652
29.246057
928.800000
774.694737
780.253020
764.760749
417.142254
828.406406
229.512290
852.377992
830.177778
943.900000
818.817266
826.505112
560.466667
794.896886
497.551505
803.354259
346.131507
784.344099
313.135761
151.730292
55.915232
407.341214
336.509220
789.871739
812.429825
197.894444
802.342972
810.211017
294.792082
804.378571
567.165562
736.526375
426.350000
336.310424
838.526027
376.269504
796.095380
821.189668
781.685906
100.228313
831.545455
400.991489
356.877586
826.647687
787.497318
41.336391
604.672337
838.959919
783.068100
759.408805
818.870968
763.784520
836.947038
843.778873
818.598444
959.500000
368.731081
735.225000
34.003774
826.733223
717.228152
594.184127
648.039394
781.018051
956.200000
612.050000
809.644737
562.455172
830.266555
841.465385
683.398127
109.670270
808.602555
814.733333
828.730769
108.716667
812.600000
831.106557
268.026230
639.290291
983.000000
466.959930
822.540310
821.729730
782.835714
836.844726
822.922830
843.957746
544.129568
842.987031
949.800000
369.338961
964.800000
499.007547
750.770213
821.609091
839.164912
823.138704
565.568027
308.365079
801.714901
723.573077
275.211377
807.220789
832.972727
828.377305
677.311151
806.838732
844.347038
798.952542
254.436018
849.205660
504.924625
473.247368
854.803497
802.181481
686.688199
964.000000
825.079730
561.573520
433.787719
134.607862
333.425000
814.913793
290.891641
836.411111
793.755461
516.582206
805.941935
794.688372
752.756863
550.788645
509.551171
754.759091
292.522364
828.654296
838.894624
820.614388
795.998361
854.166412
805.179365
811.098697
842.869377
619.865766
952.800000
405.932824
409.727103
791.148366
958.800000
651.395904
957.300000
796.352941
951.300000
957.600000
255.676873
338.958219
305.448991
400.836237
799.000000
853.073469
408.087500
642.729560
543.719665
828.378397
528.985382
471.965443
828.786486
836.255172
852.178873
973.700000
755.052950
836.923843
855.761538
958.900000
794.192208
971.600000
940.800000
849.800730
824.552055
196.721245
839.014286
812.357143
827.950000
797.782445
951.500000
970.400000
834.955172
824.670684
858.021805
814.247038
948.800000
589.754839
130.355825
974.600000
954.200000
790.661953
829.442623
834.355172
815.919048
964.300000
820.281443
967.100000
840.715603
955.100000
952.100000
778.990446
543.059589
822.544776
833.284566
846.432997
297.957831
972.500000
60.505263
832.752632
66.156360
493.259076
564.338365
947.400000
943.900000
965.500000
833.978873
951.600000
957.000000
843.951095
977.500000
835.139852
963.800000
792.973404
956.000000
953.700000
830.283333
843.662406
822.696774
947.300000
801.227711
962.800000
966.000000
848.875000
675.245511
957.500000
700.081081
594.188328
693.673585
959.500000
566.904255
966.300000
956.100000
824.191837
951.300000
770.092308
814.929730
937.800000
964.600000
840.297279
957.500000
945.100000
864.262712
834.741176
826.417266
961.900000
815.267584
799.863115
650.656954
950.000000
877.570370
847.391228
823.170588
827.464052
954.800000
815.977397
812.462963
837.615493
830.772727
834.228013
963.600000
807.997173
947.700000
842.061702
152.479323
797.371595
964.600000
845.329783
969.100000
827.559740
526.847059
972.000000
844.528571
813.649180
815.996246
111.765182
794.019672
818.790476
860.800000
849.219377
638.191892
973.200000
159.616846
811.450000
826.481443
844.343284
583.666790
527.540909
805.031399
493.533333
971.300000
808.134532
310.800000
965.000000
261.436842
829.422222
973.200000
479.805618
827.760131
835.715493
803.490476
827.421927
797.503650
839.436996
967.200000
822.976730
831.477592
801.154015
383.315789
593.225529
753.988235
833.706406
966.300000
828.102920
787.181388
710.134694
566.463758
827.471429
810.928700
973.800000
959.800000
825.977181
578.868404
596.663158
840.510526
254.256184
520.308359
952.100000
314.313740
353.029299
975.000000
788.946809
974.300000
796.577258
973.600000
964.400000
587.201444
785.803927
967.500000
839.345426
945.400000
778.237975
539.454795
834.201370
694.123529
405.709524
627.394637
335.820635
769.926159
586.180511
846.601460
838.573408
845.761702
788.011972
847.105970
558.285461
728.449275
357.308861
589.787302
289.439437
766.708861
857.415900
963.200000
840.522074
966.100000
958.500000
381.743450
806.131655
797.503642
987.000000
373.872222
687.562821
385.177946
665.629412
834.542105
961.600000
967.700000
956.300000
825.539394
710.275449
847.421622
974.200000
824.127972
840.362718
856.735294
856.609963
959.300000
824.635246
812.343548
595.920530
957.000000
330.260784
965.300000
971.300000
788.557338
955.300000
965.300000
833.098990
974.000000
969.600000
284.094326
345.043484
962.500000
783.869557
812.746970
844.832824
957.400000
966.100000
834.730573
483.733333
813.858591
827.969134
950.500000
281.004559
413.885498
961.900000
968.400000
819.832450
972.900000
522.501505
956.800000
947.400000
972.500000
963.100000
960.600000
842.586486
946.800000
950.300000
958.800000
842.701460
948.600000
977.300000
956.000000
826.960131
956.900000
958.000000
826.310692
565.086792
974.000000
971.500000
205.032243
968.500000
980.900000
306.795122
254.359468
960.200000
836.464865
603.841433
971.300000
976.100000
832.315287
664.436646
844.639852
978.200000
958.300000
827.836278
838.633223
614.650000
858.119926
819.487755
603.115789
980.500000
479.669799
110.603896
843.122727
341.277562
848.977741
965.200000
298.543253
966.100000
828.961146
972.100000
508.832601
837.150847
349.019414
831.350847
961.200000
851.555985
817.225559
805.078013
980.700000
851.662406
979.400000
822.011765
841.314388
831.381749
813.932890
601.245455
975.700000
302.977843
349.537931
853.305755
828.576190
965.000000
955.600000
953.900000
545.957576
834.886312
973.400000
834.554967
970.600000
957.100000
383.655172
950.200000
669.742193
443.489320
957.200000
443.890391
813.328767
954.100000
968.500000
972.800000
841.469675
844.606993
970.600000
124.611624
967.500000
982.100000
961.700000
804.295846
951.000000
981.200000
970.000000
960.300000
950.600000
954.400000
948.600000
942.300000
959.500000
814.130671
964.900000
942.200000
958.900000
832.359170
607.152050
951.600000
968.100000
293.431673
839.433223
958.100000
974.400000
958.900000
847.882562
837.630508
836.320979
951.600000
972.100000
954.100000
832.814286
986.900000
960.700000
963.400000
967.300000
667.985621
955.400000
965.500000
960.700000
956.600000
934.900000
825.543709
978.000000
968.300000
829.754206
968.500000
804.104110
494.366163
440.228169
971.600000
961.400000
963.900000
986.700000
980.600000
849.321311
644.763158
146.572571
813.452038
614.363158
964.600000
973.100000
782.169231
700.365331
694.938129
819.266667
971.200000
448.053465
978.000000
321.192453
841.317483
981.600000
958.600000
832.336278
968.300000
977.500000
962.400000
828.357704
836.717483
833.901587
609.963855
827.104878
362.530189
957.500000
813.313793
957.300000
831.111969
925.600000
807.795062
953.100000
543.441718
959.500000
966.300000
964.900000
862.619926
973.800000
968.400000
972.500000
855.615771
970.700000
848.703448
810.735294
956.800000
580.051097
279.225532
815.769355
980.600000
400.248485
966.100000
965.800000
979.000000
973.000000
598.991566
973.800000
788.147649
814.997880
971.300000
965.200000
978.000000
832.876433
972.200000
212.245082
830.427129
949.300000
965.300000
291.273077
964.100000
832.721477
603.396894
828.627160
406.851155
979.600000
962.500000
975.500000
801.168061
966.200000
958.000000
961.200000
819.156794
839.639852
271.289610
816.540476
724.627607
846.525397
948.600000
959.900000
826.584211
961.400000
980.200000
967.600000
978.400000
812.217742
976.500000
972.200000
820.862658
429.750519
971.800000
980.500000
551.639161
860.936996
845.300000
636.719164
963.300000
839.563754
258.715068
823.253623
974.000000
967.700000
843.611511
959.500000
966.000000
965.200000
591.700000
829.741772
980.900000
255.907937
834.099010
966.200000
841.696078
961.300000
947.700000
975.100000
942.000000
455.506020
821.098020
857.909363
825.455985
829.766234
825.885246
817.283276
680.986711
825.012987
968.400000
986.200000
955.800000
468.032432
42.307143
970.700000
972.900000
954.150000
239.651307
702.444444
950.400000
832.461017
828.160815
951.700000
963.000000
846.010490
837.954296
961.100000
974.700000
961.800000
954.400000
692.409155
960.100000
968.700000
485.722078
960.700000
828.340741
982.000000
964.500000
825.955016
824.557704
952.800000
842.831359
937.900000
963.800000
819.497690
965.500000
972.500000
956.600000
961.300000
963.000000
964.100000
964.400000
152.275475
680.778205
973.400000
668.808874
970.500000
958.900000
371.360772
827.791837
961.700000
972.600000
960.200000
844.457746
836.110490
946.600000
840.451724
844.582528
515.916955
829.201370
966.000000
961.500000
978.800000
976.900000
951.800000
977.000000
967.000000
953.500000
938.400000
961.800000
964.200000
964.700000
837.785342
951.900000
959.800000
944.000000
962.100000
972.400000
844.810526
969.100000
955.100000
942.700000
836.125397
957.100000
956.700000
951.500000
957.600000
968.300000
957.000000
520.905369
848.916988
836.777483
969.300000
963.600000
963.100000
971.900000
974.600000
965.600000
841.864865
971.900000
832.910963
947.000000
963.500000
956.000000
284.529825
833.094366
955.100000
482.057756
965.000000
966.200000
974.700000
968.500000
931.800000
522.059223
963.600000
830.294558
968.900000
825.277215
559.281315
966.800000
857.802878
965.200000
853.519926
825.287952
815.495238
862.336996
960.600000
345.257143
962.100000
500.800372
963.500000
943.400000
969.500000
844.253901
817.082524
965.000000
952.500000
407.366038
719.621622
970.500000
961.300000
850.929889
958.400000
830.528105
841.705755
719.193289
486.236879
963.800000
295.830675
841.788591
463.060284
973.100000
932.300000
962.900000
964.700000
951.300000
673.448052
603.296894
953.000000
949.100000
955.800000
841.854545
961.300000
833.184615
961.500000
284.801347
232.883333
967.800000
967.900000
823.989837
966.800000
958.000000
971.300000
974.900000
968.500000
966.100000
680.368847
968.800000
956.000000
950.700000
969.300000
959.600000
950.700000
963.000000
957.900000
837.464052
958.200000
967.900000
834.484058
958.100000
533.872524
822.852632
959.000000
946.000000
822.712658
345.483562
837.990722
960.800000
972.700000
965.800000
828.733333
391.943450
393.138538
960.600000
832.575000
395.337580
971.900000
969.100000
846.815695
809.483333
602.016981
966.700000
959.400000
955.300000
952.400000
961.800000
660.292308
959.700000
539.142271
955.700000
976.700000
443.575071
822.598350
952.400000
965.200000
960.800000
952.800000
819.658824
836.761092
252.521037
825.203306
820.562069
486.424437
523.020755
813.715408
964.100000
971.000000
976.200000
945.900000
961.300000
954.500000
943.100000
960.100000
962.800000
960.800000
371.578205
953.600000
955.900000
968.900000
415.645260
978.200000
958.300000
800.185034
946.000000
448.184211
803.051376
961.400000
465.368675
826.132450
977.200000
970.100000
796.393146
852.202878
970.400000
839.273993
968.800000
947.400000
322.049515
950.800000
940.200000
852.853901
306.908978
251.862712
968.300000
971.000000
503.406689
970.600000
962.000000
447.653795
831.185246
960.400000
956.100000
933.100000
978.100000
961.600000
958.100000
937.800000
442.298507
948.800000
939.700000
960.300000
832.193197
958.100000
972.800000
957.800000
958.800000
539.516242
976.800000
972.300000
821.022581
960.100000
973.300000
821.723676
961.800000
980.100000
826.618770
963.600000
960.200000
981.000000
549.247458
967.300000
975.100000
967.400000
967.400000
313.903470
977.100000
809.956209
860.009963
818.467584
700.574825
960.000000
955.600000
953.400000
370.223077
831.470684
368.435802
962.100000
960.300000
846.979783
950.100000
966.200000
671.587943
966.900000
970.600000
671.849206
970.100000
972.800000
957.800000
958.600000
944.900000
105.091892
826.788704
958.400000
293.990323
854.651969
964.100000
608.250155
965.900000
942.600000
971.600000
291.835354
957.300000
808.482022
384.953674
968.800000
970.300000
833.417647
965.700000
968.900000
964.800000
956.800000
855.753901
958.200000
957.200000
836.708491
953.600000
858.307692
946.800000
329.292082
835.777778
956.800000
957.500000
449.330990
833.055482
972.200000
964.300000
978.000000
839.213986
969.000000
956.300000
951.300000
431.664486
849.489892
966.500000
968.500000
945.800000
968.300000
979.700000
958.200000
968.300000
968.200000
837.084615
820.591223
969.300000
961.300000
967.900000
975.800000
966.000000
969.300000
968.500000
960.300000
939.800000
968.400000
972.100000
962.500000
970.700000
837.730573
837.081818
552.985050
955.000000
829.189744
943.500000
968.600000
946.000000
951.400000
820.218770
796.308833
966.800000
695.442475
975.600000
508.836164
976.900000
820.272050
938.200000
840.613986
587.901618
980.900000
940.700000
825.160131
345.481169
966.400000
963.900000
952.600000
962.000000
394.167164
975.700000
958.300000
969.300000
960.400000
955.800000
955.300000
946.000000
965.800000
845.875342
831.420447
960.900000
817.540741
977.900000
953.100000
975.400000
834.061092
964.700000
966.700000
965.400000
967.000000
516.589041
970.500000
439.384300
962.900000
960.800000
858.383936
818.385185
950.400000
437.854054
966.600000
971.200000
839.341281
952.400000
972.100000
833.743243
821.327508
957.400000
983.300000
979.200000
961.900000
496.044089
951.900000
691.923810
516.283849
953.900000
519.350820
951.500000
824.792157
959.400000
841.216031
961.900000
971.300000
959.100000
943.200000
946.700000
960.900000
964.500000
953.100000
965.700000
680.891139
952.700000
943.400000
968.400000
958.200000
944.100000
967.700000
974.700000
973.000000
838.550685
663.206897
975.200000
964.100000
933.200000
967.000000
975.100000
842.307246
954.400000
956.200000
670.144828
967.200000
830.966667
975.800000
959.000000
963.300000
955.200000
956.900000
958.700000
958.600000
854.036996
961.300000
844.099293
848.273408
958.500000
959.100000
963.700000
970.300000
977.500000
972.000000
971.800000
945.000000
835.218182
975.200000
849.788889
951.400000
967.100000
963.500000
963.100000
360.387730
339.440881
960.500000
804.192157
436.756291
359.925839
354.292537
957.500000
982.200000
974.700000
773.398113
471.287654
400.119481
823.497880
842.090722
966.100000
581.619298
955.600000
833.938889
511.882206
441.553795
950.900000
470.794737
975.900000
956.300000
293.254930
939.900000
953.000000
959.500000
816.849020
628.766667
952.800000
853.875342
809.150000
817.397030
817.104011
838.464045
953.900000
846.565125
857.215771
959.500000
246.342308
959.200000
969.000000
963.300000
668.016867
826.019355
958.700000
960.900000
664.019048
962.100000
957.100000
610.210256
960.800000
980.100000
56.048161
296.976025
981.000000
832.910345
958.400000
974.600000
964.900000
970.700000
962.500000
838.450847
948.900000
960.600000
967.000000
862.782528
790.596154
965.800000
827.098020
835.498350
989.300000
859.652830
989.200000
663.690964
572.465079
987.300000
966.800000
973.200000
971.800000
979.300000
747.752038
973.300000
837.191837
974.800000
969.300000
820.617981
966.500000
846.801370
979.400000
979.000000
952.600000
969.200000
822.548485
669.661039
980.900000
417.784127
435.056291
537.786928
842.145426
279.848718
829.265772
567.503093
835.024476
288.015385
959.000000
970.700000
279.282540
409.283680
622.567933
964.100000
962.200000
832.185106
970.000000
812.088704
805.097924
310.800000
217.277273
973.100000
843.933333
509.414384
984.400000
966.200000
406.537681
334.996491
986.000000
596.424324
853.127273
385.238462
847.719377
396.035928
846.290852
851.343243
987.200000
839.688742
839.208108
456.005738
761.913595
838.658621
837.473239
850.878853
988.200000
970.200000
750.734483
808.040248
970.400000
306.020939
964.700000
366.235106
499.114286
964.300000
966.100000
827.441945
973.700000
834.150000
964.900000
824.641176
959.500000
550.019718
963.200000
986.400000
969.800000
973.000000
956.300000
978.200000
966.300000
843.265993
549.272414
976.700000
576.386716
492.612456
822.115493
681.986207
252.466667
137.388596
268.125710
827.317910
960.800000
950.700000
968.700000
969.500000
463.366667
376.915287
978.000000
498.433876
978.400000
968.900000
572.198765
968.000000
965.400000
839.090476
434.133333
956.800000
832.432450
968.700000
953.500000
969.900000
846.077483
970.100000
847.957143
385.945455
974.900000
963.500000
575.295847
971.700000
971.300000
824.800000
969.000000
601.535802
979.600000
832.801370
138.608491
846.559170
970.800000
779.204918
795.448701
808.218770
988.800000
968.700000
835.974359
981.100000
845.684058
327.835616
975.600000
979.800000
434.285714
995.200000
755.219279
967.300000
660.195614
962.700000
841.021477
983.200000
835.702439
966.100000
965.000000
978.800000
836.331579
498.703974
970.400000
964.200000
848.911111
805.155738
726.188561
965.500000
546.609202
316.993168
965.900000
982.100000
834.371530
964.500000
804.854545
972.200000
252.026606
265.155556
845.954296
837.754967
842.733333
823.427409
794.703704
840.066667
962.700000
693.456472
850.611037
483.306689
983.000000
979.500000
974.000000
817.313115
47.731293
477.951079
969.800000
318.160584
854.503448
497.709639
854.627273
958.600000
970.600000
862.319926
824.713158
552.077358
971.100000
844.508633
384.300310
977.900000
961.300000
962.400000
963.700000
867.035537
961.100000
963.300000
966.100000
974.900000
851.055172
959.500000
532.562542
966.200000
663.472628
835.525000
982.900000
975.200000
837.462069
397.342157
826.791961
814.451964
831.626019
824.874359
615.048246
405.663855
448.672727
257.233003
966.700000
223.127778
966.600000
849.201460
966.300000
985.800000
840.706494
975.900000
821.358537
961.400000
971.400000
936.300000
807.001498
973.900000
978.600000
855.078873
966.900000
968.100000
981.100000
970.600000
840.591262
969.600000
962.200000
963.400000
840.986486
318.826433
963.300000
960.600000
824.357746
962.900000
952.900000
966.900000
967.300000
977.700000
973.500000
804.620155
824.162918
790.931507
979.700000
971.500000
961.800000
977.700000
823.425000
969.200000
978.400000
409.500000
965.600000
982.200000
809.941304
819.489892
847.732824
970.900000
828.451825
677.355072
384.205495
980.100000
308.681356
870.603279
559.296273
955.700000
812.964983
796.191958
978.600000
621.725260
853.940875
826.498658
964.200000
964.900000
983.400000
975.600000
538.047458
829.687988
966.600000
974.000000
73.253759
957.600000
469.701423
975.700000
962.100000
984.900000
973.200000
959.000000
956.500000
959.500000
985.400000
830.260394
978.700000
981.100000
967.900000
966.700000
961.000000
962.800000
363.475839
424.147059
816.923404
962.900000
56.000000
962.100000
977.900000
659.348485
480.500000
959.500000
971.000000
967.000000
961.400000
956.800000
964.000000
965.200000
957.500000
954.100000
976.600000
957.000000
836.876190
956.700000
977.000000
977.000000
983.300000
381.911945
336.405556
146.298485
981.800000
979.200000
962.400000
966.500000
967.800000
963.800000
985.100000
476.524014
948.300000
961.400000
976.000000
969.200000
973.900000
969.800000
980.800000
962.100000
963.800000
962.800000
959.900000
684.129179
951.800000
858.302878
830.275904
962.000000
950.800000
963.800000
975.100000
965.600000
970.800000
977.900000
965.700000
824.985185
842.310169
354.176923
536.982437
970.600000
972.500000
567.582090
967.500000
974.200000
821.423952
784.026471
969.500000
970.500000
954.000000
958.100000
968.100000
949.600000
950.200000
937.400000
938.800000
974.300000
449.785507
963.000000
948.100000
961.800000
967.700000
977.800000
968.700000
843.788591
255.888312
948.300000
949.900000
963.600000
967.700000
284.585714
836.047687
405.640741
969.800000
426.202985
969.500000
965.500000
960.200000
962.200000
964.600000
959.300000
952.500000
968.600000
978.000000
843.420339
973.800000
454.016612
828.053734
335.534130
968.500000
971.400000
966.500000
966.200000
961.200000
958.400000
980.800000
984.700000
536.198305
956.100000
840.677778
964.600000
518.008303
953.000000
847.128571
807.846816
255.507595
951.500000
973.400000
830.754206
500.790476
847.027148
162.615188
839.561092
850.447059
970.500000
966.100000
937.700000
831.468750
961.700000
985.600000
751.828793
827.249180
972.200000
837.510224
583.637955
965.800000
957.900000
958.300000
244.738339
321.385714
969.800000
773.740184
850.727148
964.500000
845.730435
975.400000
978.200000
957.400000
962.600000
956.400000
506.706050
985.700000
296.102128
988.700000
814.577409
813.144624
690.846177
966.900000
664.267606
259.228852
493.299664
974.100000
846.258491
478.081571
957.300000
702.097428
971.400000
963.500000
955.200000
957.400000
959.700000
962.300000
978.600000
969.400000
971.000000
825.233333
972.800000
958.000000
971.800000
974.200000
797.417241
973.600000
966.100000
984.900000
298.758912
968.900000
433.989869
957.500000
968.200000
950.800000
402.589273
963.800000
964.800000
832.339394
975.900000
826.847619
970.200000
940.600000
971.300000
971.400000
818.375000
847.459170
986.300000
941.000000
969.200000
849.873684
975.800000
944.700000
976.900000
533.820513
969.800000
973.400000
974.200000
970.400000
969.600000
839.865993
962.300000
966.800000
585.110811
974.300000
969.500000
971.400000
963.600000
977.700000
957.400000
956.500000
962.000000
850.173993
970.200000
967.700000
960.500000
962.600000
827.074359
980.700000
974.000000
972.200000
965.300000
971.500000
954.600000
968.000000
582.592486
360.692308
830.621384
840.377741
841.379585
978.100000
968.700000
830.488704
285.753172
404.492982
957.500000
948.400000
972.400000
974.300000
593.165854
846.210526
958.600000
405.935135
550.236137
841.686312
969.300000
960.900000
259.333333
975.400000
971.900000
812.235168
970.600000
691.773684
969.700000
964.600000
967.300000
965.000000
969.100000
962.400000
985.000000
655.019966
944.700000
978.600000
970.500000
960.600000
949.900000
961.400000
961.100000
961.900000
949.000000
504.602788
968.700000
963.000000
730.068966
982.200000
841.398639
978.300000
970.500000
946.800000
971.600000
966.200000
963.100000
975.200000
958.700000
954.700000
797.782524
579.028571
976.500000
318.037954
965.300000
951.500000
966.800000
961.900000
971.300000
958.500000
958.100000
970.200000
831.837681
844.926848
965.500000
961.700000
976.600000
841.857143
959.800000
948.900000
859.012121
964.800000
980.300000
978.700000
789.980716
962.700000
969.800000
967.800000
290.349351
948.400000
816.297759
960.100000
962.000000
947.500000
975.700000
394.432075
967.200000
505.322222
968.000000
964.000000
967.400000
965.800000
940.100000
958.300000
980.400000
958.000000
523.364646
559.731169
983.000000
960.200000
977.400000
970.900000
829.242623
845.003448
950.400000
374.510345
957.800000
448.680723
961.700000
975.800000
53.672078
971.100000
980.700000
974.300000
971.700000
971.400000
841.410490
965.700000
691.880282
956.200000
959.000000
970.700000
559.375093
528.590102
948.300000
965.100000
828.901587
954.800000
962.100000
957.600000
957.800000
966.200000
957.000000
679.423810
974.300000
967.700000
436.300906
971.400000
962.500000
975.100000
846.397279
978.200000
843.997279
972.200000
945.100000
959.900000
971.100000
93.838462
981.500000
951.200000
524.956701
980.400000
706.539164
842.629889
953.100000
955.700000
478.237063
683.377429
964.100000
570.318605
962.500000
834.017869
970.100000
968.800000
951.900000
976.900000
951.400000
962.700000
857.823529
333.155319
970.100000
976.900000
970.000000
971.700000
982.400000
967.900000
971.500000
949.200000
949.300000
965.300000
968.600000
971.500000
962.400000
971.100000
958.700000
959.300000
970.900000
948.300000
967.600000
957.600000
956.000000
728.771812
965.900000
966.300000
818.702346
316.222378
958.300000
853.051867
962.600000
853.289892
957.300000
821.641945
963.100000
969.600000
964.500000
962.700000
942.300000
963.900000
322.767524
521.962458
961.000000
959.000000
980.900000
828.453698
979.700000
634.603448
968.400000
839.615493
544.709202
938.700000
971.600000
515.556747
935.200000
969.200000
952.500000
954.500000
971.000000
975.100000
961.500000
948.000000
613.113043
248.719579
962.700000
957.500000
946.600000
383.176159
976.000000
954.600000
937.000000
338.650000
956.400000
848.532862
963.000000
504.491304
957.800000
965.300000
968.800000
945.400000
847.006993
950.000000
952.800000
962.600000
831.450794
975.200000
975.500000
945.800000
961.100000
973.500000
966.700000
964.300000
968.500000
960.500000
963.700000
954.400000
966.400000
979.100000
675.166667
693.111278
319.841860
971.100000
972.800000
967.500000
965.800000
951.500000
850.375342
946.800000
966.400000
969.600000
967.200000
961.700000
969.300000
421.230104
970.400000
622.789783
828.136278
961.100000
961.700000
954.300000
968.600000
967.800000
254.358020
965.000000
954.900000
962.200000
961.300000
828.204025
960.300000
962.000000
956.900000
974.300000
793.181443
974.900000
819.678788
610.100000
951.900000
956.400000
961.100000
956.600000
958.800000
954.200000
968.600000
964.600000
956.300000
951.700000
364.482759
623.967528
954.200000
833.408108
959.500000
968.000000
968.400000
948.900000
972.900000
832.419377
353.442904
966.400000
819.821384
962.900000
949.800000
766.959480
962.500000
959.100000
966.300000
850.435743
961.900000
959.900000
962.800000
964.700000
972.200000
963.300000
980.600000
730.524382
934.500000
963.900000
945.300000
928.200000
959.600000
970.300000
952.800000
826.488968
971.500000
669.635762
420.505648
961.800000
949.000000
962.700000
836.342623
965.300000
835.210526
838.679783
836.694077
965.700000
772.810432
964.400000
947.300000
955.000000
719.716959
966.600000
967.600000
967.800000
962.500000
949.200000
811.630976
839.032886
970.100000
833.828013
381.038095
320.525641
949.200000
959.400000
967.500000
964.900000
957.900000
970.900000
955.500000
956.800000
955.900000
956.300000
959.300000
960.400000
948.300000
958.900000
976.200000
971.600000
616.568035
957.200000
823.453698
960.000000
956.700000
974.000000
964.000000
846.027273
969.400000
955.000000
856.237165
832.946154
965.100000
959.700000
947.000000
957.100000
961.200000
432.316733
577.333333
943.000000
962.100000
976.900000
946.300000
841.148123
974.200000
963.500000
968.700000
956.300000
834.899340
970.600000
942.500000
969.400000
970.200000
962.700000
837.331579
955.300000
974.400000
647.968272
961.900000
974.100000
969.800000
932.800000
972.500000
952.900000
954.600000
621.246821
830.319377
956.400000
325.852632
960.400000
965.800000
958.900000
961.200000
812.039759
969.600000
958.800000
252.050000
964.500000
956.200000
960.700000
964.300000
973.800000
944.600000
978.300000
947.400000
964.900000
955.900000
952.800000
967.600000
983.400000
534.669620
955.600000
960.500000
947.200000
965.800000
948.000000
942.000000
947.700000
966.400000
958.400000
955.400000
983.600000
276.165217
964.600000
842.774194
829.358621
946.500000
947.300000
976.600000
822.095611
965.300000
950.900000
829.578853
926.800000
951.300000
962.600000
962.900000
950.800000
963.100000
961.300000
951.500000
972.100000
954.700000
955.800000
571.828662
855.973993
957.600000
963.100000
964.800000
957.300000
951.500000
956.900000
444.456787
966.300000
972.800000
953.500000
967.000000
975.600000
949.400000
824.040741
970.200000
965.500000
966.500000
969.000000
837.130573
964.800000
970.800000
954.900000
962.800000
834.597279
973.100000
951.600000
979.200000
970.900000
284.793252
974.500000
949.300000
972.500000
943.600000
961.800000
957.800000
946.200000
947.300000
964.900000
955.900000
969.700000
951.200000
950.500000
962.200000
964.500000
969.000000
957.100000
957.600000
971.400000
958.100000
984.400000
957.300000
970.800000
970.300000
970.000000
967.700000
962.800000
955.000000
969.500000
956.100000
963.000000
957.900000
959.300000
277.837294
968.400000
836.350000
959.000000
947.400000
953.700000
972.900000
976.400000
948.700000
967.200000
964.300000
963.000000
960.200000
958.900000
952.900000
957.100000
954.400000
959.100000
960.200000
966.300000
828.315335
959.600000
959.700000
211.140313
966.600000
966.600000
567.435404
965.400000
968.600000
975.200000
969.100000
599.341801
972.400000
969.100000
976.300000
948.300000
801.329730
824.933223
969.100000
972.600000
951.500000
964.300000
965.600000
945.800000
56.066877
973.100000
964.900000
950.800000
944.300000
964.700000
950.300000
962.900000
964.600000
951.300000
961.800000
947.600000
951.300000
838.990722
950.400000
951.000000
964.200000
957.200000
952.800000
809.074061
972.800000
977.100000
959.100000
966.800000
974.200000
942.200000
946.400000
954.800000
963.700000
948.300000
951.700000
969.000000
961.200000
966.800000
968.400000
959.900000
951.900000
947.400000
963.600000
969.500000
946.100000
676.806051
950.800000
948.600000
951.700000
956.600000
952.800000
949.600000
941.500000
948.000000
957.200000
826.941772
938.000000
962.500000
972.700000
969.600000
957.300000
818.624260
962.300000
820.597923
961.600000
820.066667
957.900000
961.400000
952.900000
962.800000
942.300000
970.600000
966.400000
964.400000
940.900000
974.600000
816.307246
659.761538
968.800000
961.300000
823.251807
830.054206
965.300000
960.000000
809.105184
967.400000
168.286145
983.400000
969.300000
958.400000
965.900000
964.800000
961.800000
838.521053
958.400000
961.700000
841.044295
971.600000
973.000000
951.600000
955.300000
273.202128
953.500000
539.962300
955.100000
958.900000
946.800000
952.200000
966.600000
958.400000
960.300000
961.000000
942.900000
675.114433
547.735669
964.700000
969.400000
960.500000
951.700000
957.700000
966.500000
976.000000
969.600000
949.500000
960.800000
682.024390
974.700000
760.335616
837.465204
960.000000
850.932862
972.000000
967.900000
958.300000
959.000000
966.900000
968.700000
954.000000
679.749367
961.100000
966.900000
951.700000
658.407749
943.400000
965.100000
966.100000
987.900000
529.516779
967.000000
944.800000
955.400000
952.600000
969.200000
962.200000
962.800000
940.100000
968.500000
956.700000
967.900000
940.400000
952.600000
665.395745
831.481703
970.600000
961.500000
968.800000
971.100000
979.700000
966.600000
859.296124
949.600000
973.200000
960.100000
959.400000
957.000000
965.000000
959.400000
436.578986
957.100000
973.600000
967.800000
966.600000
976.800000
976.800000
957.700000
959.300000
972.900000
950.100000
967.300000
984.800000
609.695062
989.100000
984.800000
839.845426
953.900000
969.400000
956.700000
976.800000
959.100000
941.200000
969.400000
962.400000
974.100000
816.910963
970.200000
968.100000
956.100000
956.400000
960.300000
968.200000
982.400000
972.000000
954.000000
955.700000
961.200000
978.500000
390.581362
978.600000
817.671429
961.000000
975.800000
959.700000
962.800000
957.900000
983.700000
957.300000
979.100000
962.600000
970.400000
959.400000
963.200000
836.812987
952.700000
499.092593
953.700000
974.800000
979.500000
826.532450
966.400000
967.700000
828.477778
973.500000
965.400000
968.300000
981.200000
850.564045
473.810526
985.300000
953.300000
971.900000
966.300000
946.700000
839.877181
959.800000
977.000000
971.500000
966.300000
953.300000
971.100000
741.770915
944.500000
284.614286
988.000000
960.100000
836.011940
917.300000
792.551948
970.000000
959.400000
963.500000
968.600000
989.200000
977.900000
958.100000
964.500000
962.700000
960.700000
965.100000
959.200000
482.292308
961.100000
811.632394
966.600000
967.800000
963.800000
844.798990
493.969697
971.300000
948.700000
545.690683
969.400000
953.700000
965.900000
978.700000
969.600000
967.600000
965.200000
971.300000
958.400000
473.050299
959.100000
977.600000
964.200000
964.000000
959.800000
973.700000
948.400000
976.300000
961.100000
967.000000
966.200000
970.500000
954.700000
956.500000
972.800000
370.164035
956.600000
961.100000
969.300000
972.000000
494.287311
976.000000
969.700000
973.100000
959.500000
