-0.309925
-0.451755
-0.638225
-0.798622
-0.889114
-1.029972
-1.163319
-1.065167
-1.243375
-1.207008
-1.319837
-1.361472
-1.421432
-1.543480
-1.751972
-1.785336
-1.998387
-2.140662
-2.299235
-2.486323
-2.611849
-2.804592
-2.724449
-2.927972
-3.060846
-3.074647
-3.221506
-2.901127
-3.041196
-3.210982
-3.357571
-3.448733
-3.447682
-3.503073
-3.524719
-3.552076
-3.655214
-3.657193
-3.600820
-3.644315
-3.745254
-3.729784
-3.762268
-3.744303
-3.857172
-4.001849
-4.112159
-4.241628
-4.348514
-4.331569
-4.311663
-4.408996
-4.453564
-4.516826
-4.502473
-4.637277
-4.604187
-4.727675
-4.657323
-4.511038
-4.616141
-4.901160
-4.918476
-4.859792
-4.854916
-4.871444
-4.856255
-4.928168
-4.804225
-4.757071
-4.677978
-4.627803
-4.699827
-4.698829
-4.685340
-4.868487
-4.873336
-4.871150
-5.011565
-5.014538
-4.868460
-4.846345
-4.678159
-4.695179
-4.639560
-4.564285
-4.514341
-4.650157
-4.782320
-4.724982
-4.915051
-4.966325
-4.845622
-4.922789
-5.052158
-5.058351
-4.978233
-4.948444
-4.962124
-4.931623
-4.916029
-5.004128
-5.029222
-4.837976
-4.970172
-4.991297
-4.859214
-4.818974
-4.843365
-4.828282
-4.792756
-4.782953
-4.811570
-4.865042
-4.861269
-4.859107
-4.805344
-4.780115
-4.764425
-4.896254
-4.799738
-4.800647
-4.678126
-4.613607
-4.638790
-4.695351
-4.795397
-4.698250
-4.633543
-4.592969
-4.598144
-4.550584
-4.423309
-4.207505
-4.228318
-4.187868
-4.167204
-4.117377
-4.081748
-4.181777
-4.108700
-3.920596
-3.771684
-3.665147
-3.754341
-3.891932
-3.790142
-3.773602
-3.708262
-3.716005
-3.592845
-3.521142
-3.497190
-3.537854
-3.300152
-3.303210
-3.259080
-3.207323
-3.092058
-3.163150
-3.165118
-3.076759
-2.984313
-3.134901
-3.071671
-3.059018
-2.871222
-2.833915
-2.828534
-2.764971
-2.665381
-2.474115
-2.316996
-2.358052
-2.372997
-2.200696
-2.198904
-2.015429
-2.091985
-2.126381
-2.063114
-1.981147
-1.849767
-1.924436
-1.922240
-1.989851
-1.841573
-1.858073
-1.684546
-1.709662
-1.732198
-1.684410
-1.688392
-1.647942
-1.527996
-1.693562
-1.611420
-1.625355
-1.553412
-1.532723
-1.581476
-1.467131
-1.481688
-1.504195
-1.371723
-1.423171
-1.343366
-1.239240
-1.249590
-0.900845
-0.808664
-0.757403
-0.722891
-0.634876
-0.563511
-0.530310
-0.458706
-0.458952
-0.421787
-0.412033
-0.468011
-0.458587
-0.299124
-0.316748
-0.362509
-0.091854
-0.132896
-0.093882
-0.020579
0.113666
-0.044858
0.025404
-0.016431
0.238281
0.202142
0.248858
0.401369
0.486053
0.519603
0.663384
0.750532
0.800911
0.876868
0.986761
1.039832
1.143313
1.196782
1.257273
1.329410
1.135662
1.203499
1.308528
1.374838
1.328443
1.526249
1.757435
1.825292
1.876325
1.960369
2.012325
2.028602
2.161003
2.210163
2.258509
2.319295
2.251448
2.256132
2.222394
2.217012
2.274755
2.335521
2.658068
2.884805
2.848108
2.914021
2.945822
2.992789
2.950430
3.011790
3.069500
3.229305
3.260478
3.322326
3.444853
3.334746
3.371572
3.433721
3.399539
3.472995
3.519217
3.530539
3.541143
3.663001
3.684560
3.761244
3.825786
3.936151
3.996975
4.018008
4.078009
4.087670
4.232449
4.401434
4.607585
4.689076
4.671878
4.621720
4.645844
4.793091
4.832736
4.899479
4.923247
4.990420
5.096335
5.176346
5.247027
5.289390
5.347838
5.300770
5.333951
5.412857
5.467264
5.471091
5.553001
5.692179
5.753445
5.820452
5.848571
5.924539
6.002948
6.064796
6.115286
6.140280
6.142663
6.318737
6.276147
6.342424
6.432285
6.516466
6.532333
6.534846
6.560871
6.622821
6.648271
6.720860
6.782291
6.863737
7.002967
6.833408
6.861305
6.804124
6.952632
7.158748
7.212120
7.246334
7.359260
7.515564
7.654333
7.712368
7.871776
7.917324
7.905404
7.949261
7.974730
8.058361
8.184663
8.203379
7.940725
8.017883
8.049358
8.099597
8.094101
8.086761
8.193624
8.197127
8.325114
8.344456
8.384418
8.433470
8.437747
8.560031
8.521555
8.639094
8.689559
8.694093
8.740785
8.761947
8.889002
8.951333
8.938597
9.078754
9.169219
9.149481
9.775048
9.954298
9.988658
10.041152
10.133907
10.136342
10.217519
10.202697
10.163130
10.115419
10.109172
10.081832
10.270619
10.286867
10.655133
10.629807
10.603968
10.780839
10.791547
10.890355
11.147285
11.107154
11.174925
11.270351
11.336740
11.416289
11.390925
11.455608
11.616909
11.723515
11.880428
11.835083
11.832967
11.798465
11.870036
11.888169
11.862206
11.616972
11.815333
11.813736
11.885019
11.930435
11.970141
12.337813
12.452213
12.504705
12.439801
12.362335
12.474843
12.539736
12.623369
12.723602
12.724790
12.829203
12.889276
13.052241
13.017857
13.199496
13.386572
13.304553
13.510819
13.505711
13.478005
13.445664
13.448247
13.443511
13.311751
13.496512
13.582185
13.644787
13.656056
13.729180
13.749354
13.657656
13.566457
13.479954
13.509775
13.475939
13.553982
13.445919
13.447971
13.474595
13.423349
13.405147
13.514110
13.809455
13.820731
13.749493
13.612667
13.516330
13.503849
13.621831
13.581899
13.555080
13.588460
13.712028
13.656716
13.825839
13.777968
14.201168
13.902662
14.248716
14.260166
14.279251
14.369794
14.330070
14.288958
14.322438
14.306547
14.270017
14.273635
14.293685
14.239320
14.332040
14.608855
14.566422
14.603963
14.752441
14.637727
14.607054
14.593031
14.512552
14.438879
14.469033
14.368252
14.534182
14.425348
14.350631
14.295476
14.285037
14.344556
14.448042
14.598125
14.531811
14.402171
14.296178
14.256328
14.088803
14.111867
14.111361
14.124453
14.107447
14.496698
14.963186
14.830484
14.991238
14.882677
15.121239
15.215586
15.349856
15.444564
15.484437
15.785506
15.849586
15.920915
16.000855
16.182118
16.224853
16.545604
16.514768
16.477606
16.374608
16.364567
16.323461
16.938393
16.833593
17.154112
17.212814
17.266276
17.237630
17.281587
17.293684
17.296175
17.213254
17.256678
17.169133
17.118662
17.087998
17.027131
17.149705
17.241208
17.189779
17.252468
17.160289
17.062456
17.397824
17.494300
17.578308
17.565967
17.502430
17.380266
17.210771
17.207374
17.150947
17.041088
17.113485
17.077017
17.209667
17.104459
17.024736
16.957023
16.852340
17.185185
17.200197
17.126390
17.592689
17.666827
17.752162
18.385671
18.268895
18.331102
18.344505
18.395751
18.338334
18.400378
18.355195
18.350117
18.348172
18.322758
18.386253
18.555820
19.026511
19.342563
19.273487
19.087356
19.213736
19.156324
19.072999
19.223229
19.355660
19.380961
19.330562
19.326639
19.244483
19.263727
19.199280
19.345073
19.307853
19.234499
19.164940
19.393604
19.238254
19.175432
19.254892
19.269904
19.346775
19.300999
19.365734
19.334181
19.435182
19.492889
19.600686
19.559122
19.642637
19.900875
19.928033
19.824953
19.886101
19.696958
19.565046
19.430503
19.265892
19.227464
19.282396
19.186464
19.177169
19.183939
19.103031
19.103112
19.154732
19.242095
19.338623
19.218638
19.369860
19.554095
19.444851
19.294358
19.259382
19.370693
19.277905
19.309848
19.350535
19.299155
19.328843
19.335290
19.361612
19.450204
19.370926
19.405593
19.377003
19.330683
19.201657
19.196070
19.338680
19.491310
19.506230
19.558692
19.596925
19.615649
19.565603
19.763114
19.666045
19.641219
20.005466
20.029330
20.156458
20.136474
20.027061
20.143201
20.238024
20.343997
20.323314
20.310627
20.280924
20.391807
20.594297
20.491630
20.631447
20.492941
20.332636
20.274370
20.199516
20.111665
20.174784
20.467986
20.303639
20.214463
20.278787
20.363491
20.267142
20.159503
19.993927
20.060529
19.885445
19.840296
20.065484
20.055791
19.913363
19.959455
19.814170
19.943375
19.984375
20.091544
20.602977
20.861913
20.816977
20.751230
20.754514
20.671758
20.600688
20.727967
20.772446
21.494068
21.464448
21.315338
21.140233
21.117290
21.147678
21.205987
21.046665
21.689378
22.416800
22.284977
22.196914
22.535826
22.599939
22.608026
22.609765
22.708088
22.629547
22.424188
21.991235
22.778696
22.686145
23.012175
22.866392
22.983895
23.006457
22.842411
22.721319
22.746006
22.747134
22.939257
22.766915
22.652694
22.842684
22.996012
22.902103
23.087351
23.050227
23.345092
23.505303
23.802812
24.248198
24.566049
24.372499
24.494793
24.721401
24.788973
24.558698
24.479075
24.391974
24.313727
24.281336
24.351023
24.500635
24.594146
24.421994
24.401173
24.448828
24.385787
24.336496
24.328880
24.286006
24.954894
24.755615
24.899433
24.956830
25.067140
24.922454
25.013841
25.121862
25.234720
25.233494
25.424894
25.686201
25.820817
25.964468
25.997980
26.034215
26.017762
25.858706
25.671438
26.153557
26.592140
27.132132
27.349206
27.246820
27.313331
27.588972
27.526446
27.980519
27.834107
28.102301
28.721055
28.698240
28.770044
28.651148
28.433933
28.573047
28.444797
28.728610
28.771621
28.703566
29.014791
28.932643
29.071985
29.088929
28.951650
28.745033
28.688099
28.447174
28.548410
28.434471
28.259591
28.312420
28.393361
28.786744
28.548750
28.561898
28.647443
28.650802
28.639118
28.655339
28.608860
28.381621
28.219246
28.057502
28.533656
28.535782
28.384136
28.406695
28.955754
28.903566
28.672509
28.578987
28.623174
28.976787
28.888686
29.241514
29.269408
29.286585
29.370463
29.889351
31.753476
31.723123
31.806580
31.839799
31.526420
31.646317
31.695763
31.785678
32.050350
32.119311
31.873132
31.930450
31.923807
32.245522
32.962294
32.983838
32.771142
33.011678
32.795469
32.562649
32.644395
32.769832
32.848690
32.666090
33.004808
33.388608
33.737638
33.846388
33.693613
33.834986
33.912636
35.911880
35.841227
36.283449
36.929101
36.945658
37.191812
37.331894
37.159023
36.948466
38.360461
39.106547
39.150612
39.170032
39.352662
39.919671
39.700141
40.576773
40.300005
40.228011
40.202516
40.202359
40.261295
40.073562
40.142083
40.184162
40.212236
40.687723
43.062561
42.952190
43.052826
42.935763
43.533439
43.454836
43.402847
43.225893
43.262415
43.613450
43.419015
44.246181
44.202104
44.802768
47.416555
47.356550
47.217715
47.555555
47.225929
47.570808
47.473711
47.538882
47.485539
47.191457
47.751285
47.318321
47.294899
47.672346
48.938551
49.843388
51.388956
51.352890
51.218425
50.974066
51.259075
51.396107
51.720949
51.743163
51.755366
52.157194
51.730973
51.774630
52.481993
52.396878
53.130390
52.730667
53.728745
53.568941
53.206122
53.267879
53.480564
53.433296
53.955772
54.680318
54.659632
54.434648
54.369544
55.575119
55.305423
55.488890
55.299773
55.528779
55.319766
57.303717
57.198528
57.026155
57.301274
57.145492
57.064169
58.003382
59.139415
59.593348
63.548988
63.305797
66.732211
66.496338
66.238663
67.202585
68.441290
68.666075
69.455681
71.596693
71.315604
70.665694
70.906447
74.783651
74.637482
75.005302
79.182269
79.530839
78.900769
79.106750
78.832313
79.163758
78.540952
78.242894
81.667288
86.581104
90.489940
90.010469
89.670455
89.301365
89.326928
88.821120
88.433394
87.645332
87.246315
86.660911
89.067793
89.654653
90.473199
89.929644
90.648212
90.020971
89.507215
91.011406
90.819688
91.735321
91.310507
90.705078
90.242685
89.853379
89.164723
90.105467
91.239291
91.323697
93.442348
94.580313
95.601708
97.236018
97.364874
98.892996
98.395100
98.304734
97.638877
100.386173
104.762413
104.167956
103.535918
103.518678
103.450158
103.747732
105.585974
105.587398
105.569862
107.919539
108.277216
108.194954
107.627239
107.452871
108.519583
110.030752
112.236412
113.040892
112.519644
111.990417
112.021202
112.656153
112.344934
114.390726
114.494468
119.677553
120.296955
119.672694
120.343455
119.828049
119.181892
118.733816
119.080629
118.414156
118.019689
117.240446
116.564356
115.869584
115.093605
115.686708
117.471161
116.541499
119.730921
124.106666
125.289495
124.560275
123.790793
127.094973
127.357881
126.574218
128.290717
128.120716
127.400125
128.259313
129.762881
131.684616
131.680022
131.962417
136.409601
135.158839
136.440149
135.716191
137.439573
138.027265
138.367963
144.147915
143.655297
145.992543
150.680378
153.999220
156.107383
157.034467
158.598000
158.097481
158.255271
157.136942
156.988572
157.627937
158.712800
161.594176
161.048401
160.786839
160.663922
161.825213
162.217245
161.155683
160.054032
161.510421
165.730005
165.133817
168.664788
170.356300
169.067776
168.066136
166.893184
166.897527
168.739846
168.803816
167.551462
166.144973
165.825848
165.567781
166.400579
169.111627
168.444361
168.959463
167.512671
170.731598
169.554353
169.668836
169.123417
172.599286
172.369609
176.418714
176.608324
177.164770
178.129232
177.908279
182.666390
184.899883
184.246129
182.748674
187.432910
186.653758
188.520387
187.209119
188.749642
187.559108
187.542680
186.049131
188.020616
188.559834
187.117811
185.840666
184.836824
183.777602
184.776789
188.532487
190.395171
190.042501
189.870569
189.428995
188.152208
186.488542
188.702871
187.956188
186.360434
187.614882
190.899709
191.497212
192.552614
191.596917
190.670837
191.777060
190.632851
189.353901
188.887591
193.835770
197.904390
196.774548
199.618443
197.698785
197.413534
195.756123
199.941826
203.532473
201.644387
199.746669
199.196667
200.599532
202.495733
201.621927
200.435519
200.183457
198.285649
196.714193
198.178367
200.291948
200.632606
202.530020
202.763020
204.344871
209.233921
209.919952
208.858692
212.898625
218.374051
217.110436
215.499665
213.486778
213.000943
216.193690
217.212855
219.700362
223.595774
221.534167
221.415466
223.548857
222.591147
221.509527
224.829958
228.588561
230.327375
232.760714
232.797044
239.086612
244.544090
250.590989
250.436426
252.564287
251.881300
251.109909
254.971013
259.426975
264.084594
269.654283
270.763927
272.957403
273.408829
272.871187
278.094415
278.236777
279.263651
277.802605
276.937319
278.655688
276.693528
274.185279
279.055998
281.883392
283.383744
287.834667
285.859216
285.932755
290.141106
295.712725
297.017783
302.137910
307.159423
305.497390
305.953491
306.273299
311.403350
313.937393
319.038932
316.885247
314.369841
319.439178
320.871229
322.153191
320.998164
318.139174
317.649949
318.319490
318.736335
316.903889
317.638733
318.586578
318.056469
320.163371
318.917395
322.092171
321.557224
323.730392
323.947702
322.987507
328.047022
329.637793
332.083282
330.209953
332.028181
332.136614
331.819680
331.589471
334.578921
337.223385
341.583816
346.072440
343.840059
349.899658
351.826365
351.477310
353.393555
356.157743
360.224962
363.268037
368.848357
372.811571
377.024813
375.215861
374.487285
374.304357
378.646964
382.683288
384.067388
382.411991
386.474169
390.771085
391.002615
395.143770
399.386645
401.778934
401.527653
404.627681
402.466603
402.539941
407.017598
408.372615
405.762682
401.894410
400.605458
404.719030
410.297840
413.993846
417.604394
420.021242
422.095529
426.284366
429.797297
429.908101
428.308599
432.467119
436.655145
435.885291
439.421371
439.387903
436.883885
438.618516
442.145485
444.123745
447.620237
450.851604
450.942588
454.192855
452.187280
449.610907
446.938093
444.196434
443.540801
448.871393
452.046501
451.857835
453.123851
451.086327
454.764105
456.701432
460.073960
463.687330
467.110030
471.809929
471.773583
473.359122
476.513959
478.488716
481.961798
485.023514
488.513611
493.075475
495.538315
496.825488
499.478387
500.143074
501.357209
504.663364
507.789348
508.745814
511.599321
516.055327
518.722300
516.890001
514.928572
511.313329
507.806836
510.452512
508.471012
509.914944
512.743802
511.954850
514.918691
513.396928
508.689283
505.940140
508.810359
508.485203
511.209906
514.106918
518.528849
521.464754
525.625106
528.265136
530.449624
532.941014
531.351150
529.068106
531.839604
534.628154
538.635872
539.025981
541.485534
543.822695
546.429028
550.358738
550.992278
554.730355
557.395548
559.085486
562.748632
564.961593
568.901977
572.809957
575.188563
577.529233
580.965940
582.808389
584.866565
586.510807
588.535894
590.882821
593.349911
596.995412
598.565885
600.810022
604.354921
603.747342
600.950740
604.190233
607.557331
609.872335
613.330611
614.295344
616.488803
613.246838
616.533370
618.402569
621.791543
623.613883
626.974744
628.734271
631.840928
634.945519
638.182064
641.455243
644.225690
647.121434
650.173219
653.021487
654.624126
656.141726
657.691936
659.142726
660.417782
661.383168
664.238336
665.680544
668.256739
670.739172
673.570780
674.712501
676.260746
678.936138
681.603777
683.018895
684.287355
686.599481
687.676709
690.196942
692.350973
694.751463
697.151948
697.421345
698.413471
700.792336
701.811518
704.240403
706.463999
707.136787
708.221749
710.400531
712.819526
713.925697
716.088440
716.929877
719.140578
720.095172
722.266221
722.759436
722.309295
723.200986
724.300011
726.528011
727.421573
729.409357
730.106824
732.100755
734.184748
735.328726
736.369376
738.192682
740.311755
742.291638
741.040245
741.793692
743.823755
739.432262
741.610939
742.267390
744.319716
746.354519
748.151974
748.946251
749.544331
750.159069
752.054479
753.933934
754.715527
755.617253
757.662080
758.393488
760.323553
760.796994
762.650024
763.162735
764.900108
767.091107
767.784845
769.952996
771.646466
772.090664
772.587771
773.162883
775.046254
776.956792
777.419077
779.152887
780.857358
782.504784
784.371736
786.233019
788.154689
788.600336
790.291332
792.024419
793.409175
795.213083
795.374065
792.670182
794.133480
794.559497
795.928902
796.275826
797.739068
797.664105
799.227464
800.731189
802.317877
802.643329
802.830396
802.901271
804.537258
806.280885
806.158804
807.705216
809.308164
810.844082
811.028727
811.165521
812.668866
812.686230
808.076479
809.740714
809.924135
810.169214
811.562521
812.877896
814.224117
814.444394
815.960950
815.801513
817.081498
817.167349
818.536675
818.419835
819.584636
820.925790
822.203532
823.570497
824.910792
824.651410
825.862895
826.004709
826.179948
827.611149
829.067037
828.966885
830.178216
831.247434
832.478960
832.409381
833.589287
833.391604
834.488688
833.551591
833.365881
834.664222
834.415892
835.701733
836.871715
838.163998
839.379358
839.336160
839.074953
840.293203
839.869451
839.662028
839.212889
838.964034
840.146393
841.400929
841.287893
842.443014
843.440584
843.265615
842.833868
844.074529
845.339784
846.540386
847.521982
848.715762
848.325378
848.343660
848.192641
847.986477
847.875767
848.779009
848.861855
849.857237
850.793664
850.765763
851.715105
852.638954
852.491680
853.499763
853.496831
854.589862
854.053605
854.835069
854.502999
854.231285
855.152972
854.964107
855.966466
856.717801
857.523623
858.406387
859.526323
860.447060
861.423589
862.536353
863.502990
864.471960
865.306240
864.757887
864.292633
864.089808
863.592152
864.568231
865.652548
866.593023
867.408093
868.334012
869.205671
870.244615
871.137169
870.740031
869.960673
870.850066
870.573865
870.266786
870.003110
870.903079
871.842049
872.667628
872.238849
873.092461
872.926435
872.401947
871.955242
871.424844
871.215206
872.097054
872.856084
873.880523
874.739718
875.571321
875.170801
874.808942
875.785853
876.739994
876.356675
877.246109
878.148647
879.159161
878.905577
878.630731
879.693424
875.716157
876.550995
876.072764
875.368996
876.246306
876.139107
877.131716
876.795133
877.508181
878.492100
878.181542
877.584336
877.310047
876.982276
877.873453
872.031231
873.217919
873.085008
873.887158
874.601286
874.310871
875.399763
876.370765
875.640871
876.589462
876.154318
877.228775
876.966460
876.161585
877.189969
878.099069
878.955078
878.451255
878.030064
877.823541
878.895305
879.829352
879.724695
879.177907
880.147128
881.137656
879.179873
880.121074
881.071863
882.047145
882.945673
882.509921
881.865736
882.938078
883.907697
883.600714
883.270354
882.969737
881.634241
881.003450
880.461143
880.293860
874.528545
875.434260
875.214032
874.706662
874.547332
874.164168
873.644329
873.256067
874.447507
874.044428
873.423020
874.523790
868.153807
867.972786
868.836558
869.974192
869.455276
868.782385
868.577800
868.480528
868.115175
869.200023
870.454023
868.792327
868.524474
868.598776
868.199386
869.474392
870.754648
870.444459
867.883086
869.008255
861.913466
862.019530
860.025370
858.071274
859.200561
858.933919
852.520765
852.098540
853.108555
854.215470
855.595315
855.648115
855.455215
855.180297
856.312494
851.240896
843.875590
845.161834
845.191605
845.335920
839.687549
839.798325
839.911350
837.681534
835.944385
837.413941
837.290011
837.430111
839.164810
839.199260
839.180999
839.362669
837.833258
832.217457
832.505900
832.650283
833.994780
833.902336
834.122200
834.558219
834.711288
835.969175
837.461483
837.660375
837.515503
832.163502
833.667867
833.649075
833.746566
835.275100
835.651755
837.027237
838.295965
836.590236
837.831333
837.557178
837.387964
838.784084
840.105243
838.765501
839.989846
841.385947
842.776088
843.987327
845.462454
846.608329
846.675316
846.778656
846.788935
846.595634
847.915678
849.395521
849.322878
849.035803
850.305445
850.260645
849.898472
851.071487
850.965879
852.277221
853.509448
854.686354
854.869660
855.952964
855.486792
856.713924
856.104963
857.240913
857.184241
857.020063
857.248061
857.100051
858.362051
859.668430
859.577535
860.823759
861.993522
861.696528
862.803562
862.572787
863.641059
864.729649
864.713653
864.501304
865.658291
866.832709
867.979381
867.920826
867.568136
868.806455
868.647694
868.547874
868.457511
869.546936
870.722466
870.380159
871.603357
872.604324
872.148460
873.301976
873.013901
866.924147
867.883406
868.946571
868.558770
869.490183
869.341274
870.563862
870.035771
871.234413
871.057978
870.711285
870.472590
870.012124
871.146003
872.287543
872.148732
871.969177
872.950485
873.897980
873.687617
874.719741
874.568860
875.610171
876.783069
877.808239
877.815392
877.326431
878.452167
878.353479
877.977070
877.822096
878.909875
880.058776
881.068188
880.753986
881.598446
881.142530
880.578324
881.615540
881.379399
882.392605
883.475679
883.260936
883.192356
882.854712
883.796165
884.846204
885.878742
885.267790
886.422112
886.035907
886.813547
886.525606
887.321350
888.133136
888.870805
889.896097
889.458276
889.079858
890.015060
889.768550
890.787864
891.635986
892.440626
893.382219
893.047730
893.841252
894.816840
894.603996
890.805391
891.651337
892.667823
892.293792
891.892809
892.819881
892.250603
893.113097
892.702743
891.737842
892.504464
893.377419
894.259645
895.204049
896.064008
896.862368
896.746009
897.643549
896.580810
896.081945
896.914126
897.785985
898.520125
897.835897
897.306674
897.025443
897.805188
897.258411
897.855827
898.576269
898.017761
897.565355
898.446701
897.748698
897.443123
897.160581
897.989975
897.555408
896.901492
896.317427
896.018266
897.065084
896.673330
897.576597
896.888275
897.850392
897.459629
896.941569
896.122463
895.723273
895.461733
889.467479
888.972691
888.755034
882.761801
882.444321
883.552878
884.622349
885.582126
886.747305
887.772832
887.646152
888.753691
888.139761
889.260363
888.838487
889.807102
889.305556
888.687972
889.744092
889.628287
890.505005
890.175288
889.943865
889.458426
889.145997
888.872998
888.337400
889.213026
888.387335
887.992762
887.353366
886.951382
886.468202
885.944071
886.862631
886.647019
887.699549
887.388882
888.529993
888.081856
887.992369
887.845603
888.858147
888.350558
889.468053
889.247694
888.952865
890.026337
889.708183
889.175916
890.161157
889.774931
889.314480
889.047490
888.568935
888.092222
887.780141
887.552578
888.583052
888.302873
888.027475
887.514663
887.576038
887.070155
888.038454
888.913069
888.624530
888.409936
888.042538
889.019113
888.856320
888.409775
887.883106
888.922275
889.805052
884.051787
885.047269
884.893923
884.473696
885.473959
886.590219
887.613317
881.448517
880.978584
881.948798
881.511184
882.493072
882.461017
883.374406
883.297061
883.081311
882.622380
883.687156
883.569728
884.605030
885.626980
886.507710
886.128405
885.996199
887.034237
887.981895
888.861076
888.512298
889.409175
888.927746
888.340077
889.184676
888.825084
888.511434
888.330229
889.331927
890.179607
891.125811
891.948553
891.452324
892.435801
893.374443
894.431699
895.435382
896.180028
897.129228
898.120935
899.036726
898.642300
898.123114
898.942883
899.670454
900.491749
901.423832
902.138593
902.780207
903.643405
903.124492
903.725247
904.540994
905.320585
904.749292
905.487799
900.939435
901.668041
902.503360
903.236327
903.949964
903.486231
904.325369
905.134115
905.920774
906.745566
906.283444
905.297121
905.944149
906.744708
906.381073
905.864721
905.535550
906.323194
905.873718
906.591981
907.084061
907.925220
908.722968
909.461738
908.897342
908.355543
908.967988
908.445900
907.616937
908.375768
909.277010
908.358283
909.081700
908.560844
909.333235
910.003903
910.657864
907.945962
907.198465
907.675480
908.638725
908.149407
907.543141
907.138502
906.527483
907.423208
908.222976
909.105746
908.318189
909.087007
908.536127
907.920618
907.435405
907.054606
907.781060
908.482250
909.199427
908.685365
908.222815
907.661425
908.569811
907.972222
907.524487
906.849030
907.558539
908.139954
908.883554
909.727719
908.942766
909.793339
910.578405
911.108621
911.828535
911.061977
911.798357
911.281010
911.879200
912.472408
911.821530
912.275315
911.698256
911.015435
911.677280
912.433508
913.136173
912.326918
913.028649
912.374443
912.948699
913.613212
913.093855
913.715916
913.065757
912.483439
913.185605
913.814749
913.165712
912.553354
911.757656
911.090385
911.795481
912.496526
913.119561
912.699583
913.350587
914.021081
913.393329
914.258396
914.950812
914.346530
914.970064
914.335509
914.879154
914.321103
915.066892
915.663223
915.113500
914.508992
915.291902
914.524593
915.249347
915.922854
916.553625
917.193089
917.723158
918.436926
919.012557
918.536631
919.023264
919.637032
920.241662
920.851245
921.325732
920.634373
921.134029
920.248503
920.835018
921.459668
920.746465
921.170000
921.754300
922.279757
922.877960
923.359180
923.730588
924.220282
923.695786
924.195828
924.623869
923.642131
924.208709
923.508177
924.056095
924.512534
925.155409
925.729855
924.755838
925.443280
925.961847
925.340285
925.819882
926.299683
925.459597
925.912001
925.241731
925.890313
926.469410
925.824892
926.457644
925.789684
926.321787
926.907569
927.397494
927.891519
928.532604
928.955278
929.574725
929.980978
928.879238
929.477446
928.731153
929.164841
929.518193
929.948011
930.546531
929.702494
930.357469
930.824894
930.113296
930.497164
930.781192
931.130380
931.645076
932.099625
931.433028
930.505159
931.049107
931.671616
932.043900
932.392461
932.914537
933.305391
932.350597
932.886091
933.327231
932.532973
933.105643
933.615587
934.210431
934.706326
935.110263
934.091397
934.564483
935.037839
935.513460
936.156326
935.223527
934.482200
934.842378
935.233955
935.630615
934.608959
935.027870
935.325591
935.616335
935.935172
936.257820
936.733242
937.081909
937.649090
936.626474
937.186209
937.443347
936.425986
936.909727
936.048542
936.613057
936.894926
936.031258
936.394945
936.857996
936.014823
936.340674
935.472934
935.689205
936.234313
936.655970
937.104410
937.570366
936.639144
937.000752
936.231402
936.666088
937.080427
937.340623
937.700216
937.909214
938.401122
938.738111
939.255730
938.453783
938.967246
939.408573
939.651487
940.065973
940.402313
940.813290
941.189157
941.508265
941.908183
941.084298
941.528455
941.822170
940.502732
940.887705
941.357828
941.762249
942.055627
942.482071
942.808250
943.079167
943.437376
943.966002
944.369342
944.719649
943.419963
943.654764
942.784326
941.863661
940.798867
941.108878
941.376789
940.461662
940.789045
941.259155
940.326428
940.688164
941.062282
940.062986
939.044550
939.332104
939.683783
938.799637
939.166640
938.097746
938.440768
938.699361
939.141367
939.329954
939.510654
938.702703
939.253676
939.734140
938.918059
937.995464
937.177466
937.620691
937.749484
936.975189
937.497437
937.931462
938.338148
938.742766
939.029339
939.506045
939.806985
939.122790
938.205983
937.296992
937.596022
938.044062
938.414621
937.595586
938.083630
937.261863
936.449237
935.725385
936.090132
935.152152
935.568630
936.038944
936.539555
937.082159
937.553337
936.569525
935.760375
935.098725
935.554738
935.776191
935.056436
935.375872
935.840113
934.665638
934.940982
933.643331
932.712499
931.791585
931.089113
931.581221
930.747630
930.078966
930.670176
929.605902
928.395609
927.576315
928.109552
928.605456
929.069402
928.178269
927.360152
927.896551
928.485585
928.904729
929.190682
929.645775
930.194317
929.283569
929.780733
930.005926
929.141478
929.577063
928.847783
927.615638
926.864786
926.039152
926.422760
926.862533
925.884988
926.473138
925.936281
925.186983
924.366217
924.801555
925.168539
924.375630
924.800873
924.028323
924.344040
923.621083
924.142873
924.618444
923.720212
922.911667
923.384551
922.454295
922.985752
923.642895
922.604683
921.337267
922.012894
922.489765
922.961868
923.591249
922.831226
921.841379
922.355965
922.895405
923.271451
923.731737
922.968529
923.568844
923.953155
923.349179
922.526664
922.969397
922.390061
921.601538
922.348522
921.570917
920.822461
921.618237
921.029795
921.592497
922.180572
922.850766
921.764735
921.171705
921.752988
921.217929
921.745749
922.178292
922.659509
922.042421
922.694996
922.141936
922.608517
923.170432
922.387424
921.416342
921.984179
920.932639
921.421312
920.482981
919.789969
920.243069
919.277625
918.531663
917.670661
916.716764
917.024596
916.433717
915.696633
916.152667
916.562140
915.623680
914.925725
914.448545
913.465267
912.436720
913.038353
913.485970
914.097110
914.819139
915.419948
916.034748
916.637401
917.188027
916.579451
915.843954
915.236737
915.851370
915.124947
915.671697
914.466143
914.955482
915.490927
916.029018
916.892727
915.884449
915.303253
915.878221
915.051593
915.700077
915.209865
912.925071
912.160345
912.815742
913.306585
913.891519
913.429705
914.067408
914.618734
913.823398
914.457164
915.062592
915.718966
914.927986
914.247706
913.575479
913.133002
913.929672
913.244359
912.236324
911.656736
912.538168
913.233787
913.985449
913.369434
914.109740
914.706643
914.293906
910.837083
911.601712
912.171695
912.857978
913.454399
912.553234
911.961035
911.345986
910.675889
911.449130
912.128639
912.895352
912.346468
913.021003
912.281460
911.507798
912.295720
907.996808
907.482904
907.016556
907.646391
908.370927
909.068218
909.799536
910.558540
909.917717
910.634540
911.382194
911.862372
911.235852
910.715268
910.271940
909.695935
910.394976
911.157026
910.647230
909.958065
910.772484
911.571759
912.210042
911.729552
911.083936
910.634529
910.047705
910.891227
910.437509
909.991967
910.710048
910.128544
909.446997
910.358527
911.040942
911.705532
912.583477
912.189946
911.796554
912.601588
913.403572
913.844537
913.474641
912.896851
912.257324
911.473552
910.939343
910.461278
911.401665
910.644770
909.921680
910.632463
911.499139
912.264147
911.790281
912.561378
912.046869
911.508790
912.159702
911.638302
912.325919
912.939660
912.093648
912.793712
913.684775
913.277340
913.913566
914.658431
915.411846
916.007728
915.030095
914.532337
915.201014
914.499337
915.212344
914.515307
914.105431
914.800377
914.334011
913.783002
913.136613
912.804337
912.331954
913.165634
913.844978
914.444528
913.969169
913.523128
913.053408
913.787874
914.327995
913.958624
913.482575
912.932336
912.460411
913.149807
912.440736
913.223329
912.575182
911.765792
911.417508
911.970333
912.702629
913.418603
913.027805
912.373157
913.101425
913.783411
914.569577
915.298881
914.751746
914.061670
914.713053
915.422923
915.975693
916.744936
917.523487
917.045769
916.495632
917.058676
916.150397
915.493501
914.817259
915.536086
914.752002
915.546482
911.720148
912.440946
911.818458
912.513274
913.271141
912.702836
913.511808
914.124690
914.824443
914.116760
914.726592
914.266431
914.697767
914.030710
914.789403
915.569509
916.256814
916.922246
917.589024
918.364133
917.710306
918.309203
917.748722
918.361235
919.007623
919.667546
918.704011
919.377971
918.628433
918.073304
918.680571
919.268765
919.939077
915.996047
916.830087
917.512786
918.312658
917.567346
918.212673
918.968546
918.425933
919.090673
919.822767
919.177039
918.514054
918.006215
918.497153
919.121181
918.645123
918.052049
917.367720
917.011874
917.748756
917.331275
918.020963
917.290713
918.077806
918.780028
919.679227
918.842100
918.272781
917.775713
917.340026
918.097625
918.806649
919.633583
919.051576
919.653060
920.271529
919.853908
920.597369
921.222395
921.688171
922.320289
923.022086
923.761866
922.989967
922.407306
921.821939
920.999397
921.810403
922.506299
923.129236
922.219496
921.587582
922.429706
923.155409
923.939855
924.677456
925.320682
924.791841
924.077737
923.433029
924.035698
923.167282
922.537766
923.136388
923.765024
924.355374
923.817566
924.242391
924.746967
925.289497
925.968602
926.589916
925.904349
926.437306
927.011933
927.589813
928.111915
928.769796
929.368098
928.619282
929.033089
929.537758
930.145381
930.722927
931.344698
930.736121
930.098315
929.054999
929.763449
930.442814
929.812308
928.989571
928.264854
928.769205
929.526513
928.783194
927.965770
928.556112
928.060215
927.532599
928.108273
928.706190
928.165222
927.502675
928.027648
928.622372
927.885446
928.352591
927.569279
928.237586
928.629210
929.199918
929.654919
930.216370
929.323716
929.880479
930.471674
931.069957
931.594258
932.169315
932.673622
926.452179
925.753604
926.412068
927.106947
926.068519
926.697834
927.399856
926.679037
925.995848
926.623889
925.909953
925.210560
924.444268
925.104826
925.579777
926.055980
925.426573
924.455629
925.107073
925.819002
925.196477
924.380586
924.996780
924.534048
925.260707
924.604595
925.159549
925.702953
924.968738
925.379051
926.001260
926.660248
925.650645
926.295139
926.790187
927.408285
927.789203
928.362311
928.889687
928.187750
927.569133
928.129441
928.654147
927.731214
928.299902
928.923903
926.438969
927.075579
926.340530
925.663175
926.227543
925.542442
926.137018
926.691648
927.320731
927.712524
928.247399
927.700982
928.406972
927.485920
926.766167
927.398506
927.936521
928.495155
927.532661
926.924191
919.229468
919.787173
919.181246
918.633548
919.118213
917.946602
917.251586
916.309384
915.728642
916.441356
917.176942
917.816173
917.275566
916.968748
916.426053
915.836079
915.148919
914.502282
915.274260
915.863517
914.952815
912.470100
913.106399
912.547296
912.001144
911.547990
912.339510
911.523041
912.227811
913.104533
913.775488
914.471733
915.283015
914.714604
915.365458
914.627571
915.359295
914.848074
914.149012
913.755158
913.107271
912.713356
908.524701
907.924359
907.005101
906.319017
905.445041
906.252591
907.144065
907.763624
907.232698
907.945371
908.731917
909.365598
908.847553
909.560078
909.080579
908.578638
909.418852
910.219663
909.782098
909.311943
908.734345
909.433002
908.893145
906.884017
907.689176
908.547285
909.263812
910.205174
909.450065
908.565160
899.476908
890.479537
881.586067
872.763442
864.047318
855.408630
846.860277
838.377189
830.013984
821.696654
813.491623
805.335299
797.293882
789.336103
781.433492
773.626667
765.920479
758.271990
750.699949
743.203388
735.783925
728.435000
721.175490
713.957991
706.827127
699.578423
692.607479
685.694615
678.858043
672.076813
665.357830
658.710762
652.126573
645.625625
639.181174
632.804368
626.480892
620.247712
613.865525
607.765173
601.690306
595.694054
589.752772
583.862158
578.017130
572.239878
566.511735
560.875171
555.281578
549.742474
544.250282
538.825603
533.422331
528.087956
522.785085
517.551491
512.367209
507.246650
502.184694
497.189654
492.214647
487.295613
482.401503
477.586927
472.798589
468.057509
463.381002
458.761697
454.160519
449.617388
445.117004
440.672253
436.255294
431.917355
427.605792
423.324506
419.096428
414.932271
410.799430
406.678341
402.627376
398.420576
394.445086
390.512146
386.611016
382.744422
378.931983
375.147812
371.431962
367.712161
364.015312
360.401344
356.806156
353.233385
349.698950
346.198298
342.746136
339.321025
335.915689
332.581906
329.272523
325.984446
322.733515
319.543432
316.357066
313.215465
310.094746
306.974999
303.913554
300.879244
297.870520
294.903796
291.950275
289.020062
286.124674
283.242737
280.422133
277.613428
274.842119
272.081428
269.368670
266.674821
264.020723
261.375532
258.759627
256.182690
253.632523
251.127250
248.619803
246.128218
243.691234
241.262393
238.850837
236.462641
234.116909
231.785096
229.500358
227.234162
224.782561
222.533884
220.312984
218.115792
215.926972
213.748218
211.590291
209.472380
207.381372
205.324209
203.284937
201.240320
199.227065
197.237906
195.275532
193.326493
191.413378
189.509923
187.627039
185.742607
183.922099
182.074851
180.254453
178.445246
176.688144
174.911498
173.185436
171.455138
169.734021
168.039595
166.344520
164.689488
163.039817
161.401522
159.786792
158.213976
156.624674
155.068783
153.546596
152.025503
150.515408
149.021110
147.536224
146.063094
144.607020
143.155966
141.722975
140.322247
138.929398
137.543752
136.151161
134.787865
133.428217
132.089869
130.775081
129.460697
128.159607
126.881336
125.602813
124.335015
123.113779
121.896964
120.668552
119.479052
118.280494
117.110868
115.939828
114.801000
113.655558
112.528859
111.393306
110.282383
109.186238
108.078722
107.021747
105.934828
104.879301
103.856137
102.801874
101.785857
101.132749
100.358163
99.779917
99.007989
98.370141
97.606610
97.018652
96.732165
96.024969
95.304502
94.637689
94.089339
93.328832
92.672771
92.099014
91.446346
90.843480
90.302727
90.314587
89.634038
89.077286
88.413093
87.881727
87.262593
86.914396
86.180204
85.676278
85.239985
84.680560
84.194183
83.534040
83.005700
82.525198
82.044769
81.435473
80.918417
80.340771
79.785105
79.133526
78.597152
78.059889
77.656696
77.184728
76.820262
76.457616
76.148360
75.724938
74.972140
74.472694
73.991960
73.342286
73.004420
72.451320
71.964034
71.406555
71.241609
70.781898
70.297413
69.769066
69.508962
69.182023
68.671879
68.288457
67.924952
67.447476
66.881490
66.578379
66.138820
65.727208
65.367382
64.956253
64.762303
64.374276
64.080831
63.829462
63.393509
62.991357
62.628018
62.354220
61.989338
61.587906
61.223603
61.049071
60.556858
60.198412
60.035274
59.804812
59.623807
59.266304
58.886909
58.592212
58.283901
58.087272
57.900574
57.757404
57.318005
56.933767
56.839730
56.416285
55.973136
55.849341
55.637671
55.257949
54.925217
54.676885
54.420875
54.013634
53.734043
53.707410
53.380889
53.150171
53.171298
52.939085
52.730010
52.373617
52.276201
52.126453
51.807948
51.418153
51.464252
51.077329
50.775459
50.419946
50.206538
49.887044
49.702649
49.364995
49.050467
48.871669
48.447630
48.183748
47.935597
47.594188
47.413809
47.145305
46.930486
46.881645
46.638400
46.493577
46.356217
46.294211
46.176045
46.096200
45.910338
45.705573
45.971853
45.736506
45.636160
45.471950
45.372730
45.050600
44.701252
44.564152
44.473870
44.357518
43.994610
44.044522
43.989269
43.790118
43.617659
43.470241
43.374544
43.375299
43.349654
43.299389
43.214609
42.951282
42.888900
42.744194
42.488273
42.401443
42.355958
42.077810
41.847680
41.554247
41.435501
41.330215
41.136809
41.049249
40.915684
40.879067
40.652052
40.523142
40.445244
40.358973
40.064383
39.993219
39.960158
39.733073
39.632489
39.524664
39.385443
39.690091
39.651140
39.424847
39.373993
39.340539
39.181597
39.282678
39.282189
39.014947
38.885424
38.782733
38.595441
38.599382
38.634606
38.566095
38.547014
38.527584
38.302951
38.205107
38.036911
37.912378
38.021260
37.765337
37.555647
37.614893
37.798744
37.630297
37.593464
37.718167
37.631158
37.348815
37.301198
37.231741
37.292675
37.158643
37.070756
36.980715
36.978314
36.863242
36.797662
36.560483
36.639119
36.566682
36.402555
36.163073
35.938891
36.124860
36.156372
35.866738
35.837738
35.719521
35.635084
35.609182
35.708232
35.598826
35.641883
35.450783
35.453940
35.319356
35.284009
35.210897
35.082831
34.847529
34.811736
34.807791
35.101707
34.947690
34.653462
34.655145
34.784385
34.841791
34.827948
34.867729
34.737670
34.906788
34.883349
34.641045
34.475493
34.526767
34.862750
34.747487
34.547654
34.395099
34.406793
34.258665
34.126336
34.178564
34.397002
34.824616
34.568555
34.508591
34.360543
34.269484
34.242127
34.218748
34.185473
34.129346
34.110869
34.061357
34.022207
33.831708
33.752680
33.633623
33.737801
33.674534
33.710495
33.547817
33.699150
33.736881
33.580870
33.535489
33.478026
33.380530
33.456543
33.449540
33.405301
33.330051
33.470917
33.283309
33.208143
33.085786
32.920377
32.827234
32.627637
32.432185
32.343197
32.152006
32.029526
32.022430
32.295878
32.278897
32.301479
32.332626
32.212610
32.072580
32.059656
31.910342
31.767914
31.747184
31.647099
31.496158
31.299116
31.264724
31.293568
31.283374
31.283222
31.663069
31.669970
31.462902
31.424044
31.422854
31.392324
31.378955
31.408616
31.171688
31.043586
30.990449
31.175194
31.187495
31.043748
31.049126
31.087309
30.977657
30.857757
31.064173
31.057969
31.083442
30.965842
30.848449
30.891582
31.049120
31.173174
31.268885
31.344687
31.239866
31.117910
31.107988
31.082126
30.927795
30.973662
31.633112
31.735467
31.700410
31.888997
31.763683
31.741729
31.764932
31.754229
31.718358
31.676944
31.690103
31.833108
31.714317
31.655624
31.621462
31.455185
31.394968
31.404534
31.326166
31.246447
31.309009
31.556348
31.530759
31.501254
31.582911
31.914262
32.063053
32.158641
32.186935
32.176807
32.158415
32.175202
32.194506
32.252489
32.219137
32.273945
32.205752
32.051831
32.052563
32.074951
32.052674
32.167599
32.270264
32.243322
32.204358
32.132178
31.992234
31.933692
32.216681
32.104308
32.253439
32.316911
32.306544
32.417200
32.444134
32.333917
32.358158
32.637387
32.625459
32.712485
32.823124
32.652506
32.658987
32.728716
32.658215
32.763003
32.661777
32.793901
32.938969
33.084560
33.183555
33.271698
33.370156
33.172681
33.139878
33.369019
33.350631
33.412635
33.898781
34.032748
34.217518
34.647343
34.529402
34.989359
34.933946
34.757610
34.730596
35.086056
35.295701
35.117602
35.217083
35.550481
35.508717
35.690144
35.631723
35.713752
35.819020
35.636042
35.502646
35.383805
35.317650
36.076161
36.289383
36.243797
36.338984
36.277923
36.176351
36.151662
36.169628
35.939300
35.768350
35.780402
35.611790
35.779689
35.836103
35.898903
36.099914
35.973275
36.215663
36.257891
36.281060
36.234804
36.432537
36.307996
36.205796
36.086514
35.930705
36.136077
36.407254
36.378428
36.438328
36.381920
36.304083
36.173412
36.257281
36.290593
36.598942
36.542997
36.597325
36.495629
36.342898
36.351636
36.540102
36.449630
36.346514
36.214791
36.125451
36.100016
36.296074
36.368775
36.299914
36.261896
36.122059
36.025108
36.049075
36.106857
35.915234
35.863177
36.310077
36.332277
36.513685
36.391498
36.204529
36.203754
36.715658
36.576712
36.578290
36.503207
36.522157
36.406462
36.620073
36.485401
36.633802
37.051475
37.102626
36.943607
37.026445
37.080862
37.231132
37.495441
37.474693
37.835042
37.625523
37.803619
37.796565
37.765266
37.716670
37.750587
37.623525
37.604118
37.477437
37.666193
38.191627
38.122379
38.044747
38.059799
38.230343
38.253800
38.233668
38.024332
37.815470
37.879047
37.896162
37.888392
37.853424
37.926957
37.800052
37.822269
37.849753
37.845756
37.829404
37.677642
37.511880
37.347767
37.340055
37.361763
37.354685
37.313769
37.319537
37.406406
37.444342
37.451608
37.367419
37.374272
37.152252
36.982669
37.152164
37.056849
36.942730
37.027195
36.855761
37.110673
37.067281
37.107692
36.945486
36.972103
36.826519
36.646825
36.484451
36.601426
36.722610
37.039651
37.427162
37.332612
37.406657
37.365226
37.304141
37.491468
37.286947
37.172244
37.087877
36.949675
36.921619
36.806171
36.812109
36.878488
37.069896
37.150201
37.135820
37.184401
37.060583
36.827810
36.747329
36.930006
37.125277
37.200524
37.034753
37.050259
37.008447
37.010732
36.845137
36.670378
36.577944
36.511501
36.640283
36.536760
36.507875
36.379973
36.576617
36.512190
36.721427
37.220003
37.178932
37.232237
37.227921
37.113768
37.302843
37.334314
37.471489
37.394095
37.353248
37.378743
37.299247
37.444468
37.358214
37.217914
37.274123
37.066830
37.165621
37.219650
37.300904
37.360301
37.305571
37.294207
37.874730
37.749029
37.783376
37.619120
37.414429
37.270995
37.130233
37.097486
37.414011
37.414398
37.334558
37.272382
37.204677
37.103071
37.184812
37.373424
37.332141
37.519337
37.573643
37.324407
37.547176
37.818825
37.816128
37.862659
37.652660
37.630458
37.688994
37.543968
37.651314
37.883225
37.961346
38.367304
38.278924
38.292635
38.487793
38.554851
38.419563
38.199746
38.473372
38.519653
38.682769
38.796108
38.735281
38.753666
38.654054
38.491556
38.534313
38.470184
38.575283
38.541403
38.613885
38.652900
38.472928
38.581945
38.535996
38.517540
38.599434
38.625670
38.616974
39.037515
38.865087
39.277337
39.834799
39.730133
39.616531
39.667508
39.497440
39.357498
39.169586
38.982302
39.009830
38.826893
38.708791
38.772049
39.007935
38.943489
38.788732
38.820148
38.607805
38.717660
38.699153
38.752018
38.930669
38.702506
38.876420
38.748346
39.131044
39.070637
38.988230
38.991330
39.000627
39.170806
38.964348
39.298174
39.258273
39.707080
39.560026
39.418559
39.397400
39.384677
39.157664
39.136467
39.108319
39.347979
39.657335
39.540090
39.514024
39.504629
40.021508
40.186936
40.079164
39.944688
40.009605
40.163407
40.192318
40.119283
39.880626
39.836844
39.881333
39.831221
39.691637
39.716405
39.692741
39.646869
39.811213
39.640430
40.088265
39.956978
40.047092
39.874904
39.722044
39.723018
39.886182
39.826876
39.829318
39.856086
39.789223
39.803831
39.794400
39.781388
39.742798
39.845190
39.809717
39.977433
40.332956
40.278502
40.175033
40.143767
39.990277
39.880374
39.959525
40.076335
39.934452
39.816065
39.675632
39.510413
39.522917
39.481013
39.327315
39.670741
39.914746
39.815099
39.699233
39.609597
39.626916
39.714325
39.560795
39.416213
39.371299
39.388884
39.234213
39.595222
39.568276
39.722754
39.630840
39.634827
39.607145
39.548236
39.643477
39.718571
39.727455
39.890272
39.870384
39.957466
39.933891
40.524335
40.533531
40.760765
40.634857
40.615911
40.573945
40.497651
40.747730
40.893998
40.709111
40.651826
40.509541
40.397543
40.403610
40.331936
40.283334
40.062616
40.273831
40.315012
40.196583
40.336313
40.392210
40.195301
40.092684
40.014392
40.054252
39.898147
39.824383
40.043798
39.982146
39.938417
39.844007
39.708643
39.581937
39.624988
39.587758
39.977333
39.930008
40.091583
39.882524
39.784148
39.836372
40.000180
39.825163
39.735006
39.674318
39.596963
39.837898
39.781042
39.884381
39.735376
39.612535
39.412404
39.184599
39.508845
39.844653
39.859612
39.917201
39.746816
39.825046
40.002181
39.878287
39.749194
39.757573
39.638508
39.627192
39.603479
39.544423
39.500602
39.303846
39.527791
39.920013
39.812228
39.664132
39.979143
40.084788
40.041410
40.006614
40.177574
40.037489
39.933335
40.422317
40.564749
40.708031
40.535140
40.858236
40.762689
40.915545
41.176442
41.042115
41.068633
41.320156
41.374967
41.694480
41.617588
41.920938
41.752745
41.862088
41.571700
41.693713
41.752729
41.895571
41.817736
42.018153
41.916305
41.830975
41.741580
41.782983
42.164522
42.251977
42.253552
42.057171
42.063156
42.078790
42.100069
42.099033
42.097224
41.930298
42.109767
42.630083
42.794433
43.106952
42.983698
42.872669
43.077669
42.983117
42.824044
42.935577
42.909703
42.994437
42.875610
42.778988
43.255406
43.344188
43.267122
43.165349
43.345529
43.321911
43.258800
43.291486
43.293092
43.567858
43.719241
43.767090
44.090419
44.209979
44.470463
44.402422
44.288953
44.190415
44.696307
44.932435
45.042920
44.986875
45.178363
45.068635
44.837981
45.081641
45.001060
44.816318
44.604416
44.480679
44.437314
44.704270
44.794958
44.862376
45.087502
45.346165
45.046413
44.935159
45.381839
45.323560
45.115824
45.010111
44.865029
44.976430
44.818437
44.930680
44.855262
44.725804
44.754702
44.821605
44.591917
44.725323
44.811708
44.695366
44.576305
44.572183
44.617743
44.533971
44.410172
44.214401
44.121365
44.117318
43.989478
43.952222
43.852516
43.780030
43.824640
43.750271
43.728632
44.085332
44.320245
44.232690
43.929245
43.869359
43.764627
43.925814
43.981453
44.137965
44.309458
44.100076
44.134939
44.389661
44.546879
44.662100
44.894011
44.999392
45.222275
45.412117
45.631349
45.845393
45.687036
45.975062
46.114324
46.045015
46.145511
46.159106
46.022476
46.122291
45.814406
45.567247
45.339788
45.253709
45.114429
45.245451
45.091087
44.963307
44.787785
44.900409
44.879079
44.911685
45.158703
44.969844
45.073284
44.977371
44.974107
44.948685
44.962118
45.036496
44.997053
44.974128
45.014465
45.075824
45.086971
44.916044
45.194010
45.117446
45.202824
45.214705
45.001096
45.282102
45.287187
45.595566
45.938522
45.991686
46.104991
46.104056
46.029682
46.279478
46.496434
46.562590
46.565536
46.552199
46.298889
46.302330
46.135136
45.945298
45.884276
45.895999
45.956826
46.053163
46.039307
46.139065
46.154317
45.997457
45.803455
46.052239
46.407985
46.597384
46.691937
46.880299
46.784446
46.690868
46.751057
46.780238
46.516478
46.950188
46.988400
47.077715
47.052865
47.015558
46.771239
46.653565
46.747130
46.945013
47.140120
47.003825
46.909961
46.734776
46.625991
46.620887
46.655043
46.621166
46.715191
46.437481
46.510495
46.465545
46.612445
46.886230
47.130601
47.064226
46.988498
47.177734
47.043930
46.969290
46.726839
46.506032
46.467159
46.852916
46.582927
46.534861
46.630216
46.801424
46.638825
46.593735
46.505304
46.600636
46.680222
46.554823
46.487826
46.439400
46.367942
46.281770
46.396347
46.493302
46.284555
46.543273
46.723931
46.478720
46.227762
46.146703
46.048900
46.030811
45.979225
45.857989
45.606107
45.967822
46.181646
46.112829
45.805582
45.798202
45.801116
45.669819
45.995121
45.873624
45.830285
45.855267
45.863145
45.812593
46.032913
46.011520
46.536135
46.386754
46.185463
46.284262
46.250092
46.379195
46.476395
46.344082
46.372308
46.789326
46.804857
46.984843
46.952293
47.101857
47.076656
47.286273
47.491559
47.572545
47.411968
47.460245
47.371309
47.294204
47.768005
47.850559
47.862961
47.961300
48.032633
48.077696
48.024314
47.797687
47.880442
47.714307
47.833949
47.688855
47.449127
47.708017
47.736206
47.818936
47.663119
47.958974
47.795739
47.798324
47.732130
47.780495
47.649105
47.566887
47.315112
47.491823
47.449229
48.031201
47.999473
47.884374
47.787301
47.900039
47.981573
47.785300
48.093641
48.326073
48.519282
48.504453
48.418246
48.591743
48.642557
48.538174
48.613002
48.506143
48.517515
48.389364
48.280462
48.541764
48.571612
48.359952
48.316993
48.231315
48.309674
48.265784
48.562257
48.661458
48.573533
48.556225
48.629331
48.843420
48.659362
49.037930
49.093864
49.149888
49.172135
49.204102
49.089296
49.007854
48.775916
48.489752
48.329422
48.493185
48.743904
48.540418
48.224031
48.300894
48.083075
47.875003
48.034874
48.443777
48.704581
48.347741
48.337023
48.178025
48.023621
47.730764
47.418555
47.239794
47.259418
47.347654
47.448695
47.499936
47.430147
47.227852
47.587539
47.590971
47.299527
47.339228
47.426102
47.433519
47.381845
47.260456
47.120266
46.987119
46.850303
47.204432
47.115623
46.932698
46.933877
46.958676
47.049352
46.939183
46.907837
46.620611
46.643082
47.005295
47.158202
46.967852
46.789345
46.637365
46.834737
46.669171
46.774123
46.657961
46.733027
46.903593
46.994725
46.804278
46.950878
46.874811
46.838315
46.851506
47.568300
47.830269
47.972730
47.996593
48.654509
48.613835
48.476472
48.298396
48.293165
48.333979
48.510425
48.221418
48.254304
48.108814
48.019132
47.918970
47.764355
47.482549
47.897436
47.947847
47.832269
48.039035
48.113483
48.088390
48.245576
48.323647
48.593759
48.390371
48.305024
48.449846
48.282760
48.232164
48.428593
48.170640
48.557375
48.747859
48.874466
48.915145
48.768408
48.541850
48.414373
48.334672
48.332003
48.091072
47.853877
47.831193
47.881223
47.963319
48.043718
47.976065
48.056465
47.905224
47.947473
48.046380
47.898749
48.090611
48.291796
48.106577
48.316894
48.393781
48.258788
48.014861
47.711959
48.048111
47.903104
47.690293
47.777541
47.968380
48.049623
48.450946
48.526818
48.284938
48.353511
48.428528
48.225354
48.199600
48.064104
47.943655
47.812464
48.129440
47.928850
47.771724
47.814537
48.005916
48.053130
47.938923
48.009748
47.741157
47.964912
48.045526
47.895899
47.724761
47.793655
47.682516
47.678733
47.437396
47.137769
47.226820
47.033552
47.346884
47.284660
47.194342
47.073415
47.058982
47.155555
47.111306
46.810869
46.904213
46.995671
47.086068
46.888976
47.029707
47.029274
47.130897
47.469000
47.355187
47.665793
47.474089
47.343410
47.466089
47.551621
47.857104
47.787112
47.869253
47.737962
47.616986
47.853650
47.809433
47.891359
47.867866
47.586495
47.351743
47.176424
47.085189
47.040944
46.899624
46.820499
46.597310
46.880195
46.856060
46.804677
46.897051
46.818262
46.801352
46.575265
46.447276
46.543081
47.094846
47.114064
47.077085
47.151956
47.381436
47.480770
47.349432
47.156880
47.019256
46.850544
46.942633
46.978992
46.982858
47.073081
46.972582
46.773297
46.590114
46.915607
47.107307
47.196831
47.084286
47.141062
47.068489
46.827444
46.828650
46.897063
47.354827
47.708048
47.769100
47.996814
48.136377
47.878295
47.960078
48.116144
47.930775
47.782913
47.901981
47.889627
48.192731
