-30.992527
-14.492929
-19.098765
-16.677922
-9.847834
-14.974834
-14.364676
8.651822
-18.885906
2.393307
-12.489940
-5.483333
-7.357407
-13.626230
-22.392734
-5.088376
-23.090446
-16.225884
-17.997909
-21.008065
-15.038889
-21.886217
5.209770
-23.076829
-16.215337
-4.440909
-17.760526
28.816368
-16.908065
-20.019760
-17.869930
-12.473729
-3.343633
-8.986842
-5.667610
-6.260432
-13.865886
-3.853065
1.980070
-7.950307
-13.738199
-2.198315
-6.978169
-1.965789
-15.031183
-18.324834
-15.032877
-17.059036
-14.930201
-2.654054
-2.340927
-14.045016
-8.865789
-10.779747
-3.081579
-17.982822
-1.328302
-16.952950
2.307463
9.971260
-15.021429
-33.118030
-6.632759
0.950000
-4.372222
-6.507692
-3.352589
-12.047541
7.466102
-0.088762
3.152147
0.339568
-11.830201
-4.600000
-3.350000
-23.000000
-5.353420
-4.654698
-18.912698
-5.308861
9.593346
-2.657018
11.972222
-6.380097
0.866667
2.887970
0.430070
-18.095848
-17.866454
0.951408
-23.731848
-10.042447
7.103953
-12.562264
-17.859763
-5.671429
2.953414
-1.999262
-6.316495
-1.912044
-3.372222
-13.725884
-7.513559
14.095349
-18.057554
-7.082609
8.216914
-0.835211
-7.258065
-3.335052
-1.275676
-3.812418
-7.644704
-10.158730
-4.487726
-4.645053
0.517123
-2.282432
-3.211111
-17.947292
4.755344
-4.890614
7.451375
1.773770
-7.131915
-10.294828
-14.700000
4.919380
1.772383
-0.576087
-5.110526
0.157921
8.176866
17.157143
-6.288835
-0.183333
-2.121478
0.815517
-0.554478
-14.084615
3.125887
14.701685
10.970629
6.882008
-12.584520
-17.513505
6.287063
-2.136093
2.760345
-4.482558
8.600000
3.577451
-1.125926
-7.563559
20.232283
-3.605891
1.109770
1.916667
8.319173
-10.201320
-3.359969
5.670849
6.167808
-18.043144
3.188112
-1.806338
15.720611
0.859477
-2.295848
3.527778
7.194056
16.461172
13.237801
-6.422611
-3.852564
14.857143
-2.021478
16.148582
-9.671053
-5.531579
4.200358
6.133566
11.156835
-9.316667
-1.704817
-8.683333
12.837931
-3.491611
15.494628
-4.196091
-3.963309
3.046580
-2.082540
2.356601
10.346610
-18.084564
6.520635
-3.004918
5.568927
0.515517
-6.408065
9.853047
-2.922789
-3.732432
11.742982
-6.516465
6.557261
9.069301
-2.274242
33.624911
8.317213
4.317460
2.693836
8.078522
6.501685
2.756601
6.630070
-0.483333
3.257576
0.553630
-6.009915
0.474390
15.487809
-2.061538
-4.892929
26.703053
-4.196024
3.768493
7.236424
13.403909
-15.738732
6.981293
-4.158065
25.454717
-3.375610
4.873770
15.500000
8.869697
3.841077
14.897682
9.378169
5.788516
8.396610
11.866129
6.293836
11.387970
6.490157
7.245946
8.470997
-18.045455
7.919380
11.706367
7.939568
-3.264676
21.109091
24.644771
8.543151
6.928571
10.280812
7.155882
3.640067
15.268750
7.076923
7.044805
8.337113
-4.465385
2.719799
-1.117647
1.684211
7.991275
8.351375
34.590196
25.331818
-0.784940
9.439373
6.094203
7.642446
-1.243069
9.086411
8.782818
19.050000
6.346580
9.445324
15.575000
-7.565854
7.017391
9.586441
0.015517
10.745151
8.095183
4.651375
4.590964
15.726923
5.818966
11.352941
10.215480
14.862274
10.018493
6.100313
10.018085
5.044161
18.565517
21.130935
25.016547
12.756688
2.969301
-0.343939
7.034114
19.370588
8.757509
11.507071
7.276271
11.640559
15.581970
13.097411
12.244444
9.483333
11.134211
0.640964
8.618927
13.224567
10.853521
5.850000
13.662069
19.470732
11.818831
12.454098
8.632390
13.445390
13.765468
12.187736
11.113768
8.614724
6.378571
23.750000
2.059752
12.903909
15.328522
14.850376
8.103114
6.783657
9.137288
12.755882
9.167808
13.907266
12.863907
14.926866
20.786792
-9.952950
9.623077
1.143248
21.654947
27.564184
12.495946
10.633566
18.538889
22.989632
21.392466
13.457895
23.653150
12.426523
6.725325
12.291176
10.496167
16.337809
20.688516
10.056271
-18.061953
15.656522
11.165385
13.073186
7.550000
7.360127
18.773077
8.543945
20.995745
10.259386
12.340580
13.289701
8.861165
20.666102
4.712420
20.275503
13.685570
9.142982
13.363322
10.856940
21.467442
15.122085
7.677778
22.954240
18.125325
7.195356
71.706250
27.700000
13.390274
15.238047
19.316667
10.377451
18.254054
8.735324
6.245925
5.392063
9.490741
7.375166
28.960526
11.895425
47.113475
8.122549
8.045907
28.291077
11.851556
20.672383
36.583333
7.134211
17.884219
20.717568
17.909253
19.291606
8.879866
17.859259
27.585714
22.277551
27.414789
7.345872
11.623529
8.382759
18.955556
13.683333
9.291935
-12.661268
31.453047
11.655634
18.942096
16.426582
15.901090
48.737324
23.777778
17.701408
6.014286
4.693206
23.613131
18.964184
20.903047
22.646610
12.842446
23.166129
18.836424
29.185852
9.613768
31.181818
31.907042
5.184663
33.931208
13.000000
10.735099
10.243945
13.703909
12.974638
0.267582
31.787801
22.063793
19.842446
14.771698
20.968421
15.746610
4.579508
4.537805
4.916129
16.462082
10.126119
21.280282
2.747619
13.651205
16.110284
8.350000
11.603191
24.301493
43.048582
14.937063
6.696903
0.066890
3.978947
12.268254
25.302091
9.628595
10.900000
16.893066
25.945283
8.180783
30.569084
9.038673
56.097992
-15.649425
48.508108
15.393662
16.168702
23.333566
10.397345
10.218919
17.636909
12.733333
10.653509
14.631900
16.278571
8.857249
23.511238
42.013559
10.365574
18.320548
29.451754
3.281034
11.570408
13.204819
6.545082
7.145277
17.454240
4.390909
30.961263
3.650820
6.953630
8.835099
13.251634
20.236913
24.693151
29.456383
7.966667
1.567802
3.802875
10.311191
-2.496203
16.395205
14.061290
15.420548
12.423841
53.032578
61.145527
1.692994
30.905882
4.135099
38.738889
24.555932
28.642617
24.820664
19.431818
45.591322
22.193586
22.982421
23.914948
34.127165
20.455556
48.300000
13.462025
12.798502
6.177835
15.370480
12.253960
77.816667
6.458475
48.885409
23.024324
22.559073
14.401634
21.633333
18.491275
17.542829
9.004040
21.555670
8.502120
12.122064
14.052290
11.001274
29.284588
26.300000
12.098230
23.458682
8.034586
7.376978
50.599275
27.045455
25.895082
16.344203
11.212245
5.286027
0.430769
16.871062
11.564706
6.165035
24.280783
13.466667
30.342058
6.688907
9.132090
10.253468
6.488679
50.136879
18.686411
9.819505
63.756250
25.006478
26.200358
81.103030
6.708042
24.489632
19.671378
23.469178
12.654054
24.542701
13.882051
17.847436
18.155611
15.806780
24.672222
35.342982
65.624911
50.631690
12.434951
0.660411
31.725325
13.472581
10.823841
34.095946
32.466352
21.885714
14.341077
18.938312
11.110993
21.168874
12.819048
33.778571
15.623064
11.972491
12.278571
42.031373
3.858632
12.956044
27.121378
20.756146
26.956931
14.769178
25.774490
16.210526
29.434211
25.205932
30.272535
15.444262
27.910701
45.466436
22.616667
9.620034
25.939701
0.971827
6.505728
6.110753
2.969403
15.423077
24.720671
9.689241
18.256940
19.854152
11.093206
19.111111
24.265079
27.891077
28.894891
7.340141
34.340775
37.793411
8.629693
4.395570
15.796755
30.390476
10.091908
22.472180
23.378571
14.212463
22.267949
19.973529
21.967568
28.220732
11.522491
22.837589
16.546580
14.745055
6.428073
18.642907
33.457042
34.601685
20.983399
24.752427
23.381949
21.469355
14.611039
39.316667
10.056250
17.183447
56.065863
22.391935
32.742058
18.158059
9.195238
31.641077
29.625503
30.835324
18.275676
19.054545
17.340323
31.369231
40.640876
10.327526
34.473392
6.780866
4.462420
14.506061
12.788889
11.414465
26.423529
49.494983
4.033333
11.385987
26.646935
28.749129
10.728571
9.503300
3.601887
26.654152
2.552076
15.370548
42.359091
19.096167
5.813018
24.522535
5.431013
32.734615
24.043431
30.701223
71.234884
46.496581
16.368345
14.242193
21.079658
12.478972
13.564706
33.328571
25.175850
92.934672
18.532051
6.553521
3.804833
18.845925
24.156061
26.978571
5.273835
85.317881
94.431633
9.234483
13.478698
56.088112
28.947070
23.408682
22.781899
32.442063
14.854054
2.093574
-20.871084
100.737372
13.523529
55.289216
8.433871
34.616667
25.240067
6.601887
10.733178
25.190031
22.858835
41.959459
5.704983
11.344816
41.651754
38.175503
13.605051
41.426891
19.375000
52.536735
39.366165
53.256228
68.341379
56.033333
5.211032
36.601859
47.155654
31.478522
1.761538
16.596350
15.769048
16.567224
21.074648
31.250000
39.312274
33.851749
7.378947
22.339847
29.166667
18.144776
19.456604
23.574919
20.041489
91.174830
5.026978
39.137379
30.639189
35.987801
10.598502
34.061238
35.815873
36.407692
25.112080
44.373498
51.555594
39.147883
40.185915
29.315658
29.621429
24.388889
10.112245
7.131847
73.883333
70.011881
80.591328
48.839552
17.110602
33.897883
54.877419
21.336424
72.933721
13.339369
54.653435
89.977778
26.439550
35.878571
16.880503
6.929630
42.345283
15.748048
56.826094
33.029787
21.966129
59.826016
20.800000
42.866869
30.766352
15.360993
8.290028
23.051634
4.595570
38.570732
17.154545
10.946491
33.542466
36.406478
67.731690
4.987383
29.863566
37.116355
28.983333
27.482390
30.261238
24.007463
5.884982
12.144118
12.044850
75.672848
28.746238
13.371223
30.640067
83.312575
23.736909
5.797887
19.320270
32.997764
63.984483
20.166667
64.171461
32.030935
30.987117
37.674377
81.259202
216.301852
28.718182
40.068817
35.128522
0.501887
43.516084
36.590959
40.687261
58.252899
38.946460
7.501342
37.604984
31.266102
64.095341
103.922727
35.116667
11.714286
56.824773
11.390698
9.513456
40.737276
45.188095
40.655660
14.588658
66.537931
71.384783
68.291636
44.612587
18.568919
47.830935
41.600000
233.836964
28.846610
80.063475
100.848592
38.584775
61.561111
51.200000
20.044776
16.103383
178.147887
112.969142
43.513023
41.092599
57.433032
96.053509
17.966667
127.363383
12.900000
33.100631
37.678481
40.186842
46.095902
21.488028
46.925606
44.350000
42.991606
87.760959
278.171429
32.025503
53.015753
31.346580
102.703371
35.673077
38.255932
25.707463
46.878169
78.365863
24.169965
126.135567
39.838516
104.268482
306.181467
41.416102
33.473077
81.001701
14.592907
81.713879
37.861049
53.990876
42.204545
18.077376
103.174176
4.454938
44.976087
85.039597
174.292857
139.422222
204.400186
47.782353
37.906478
26.782432
79.475000
64.962292
83.880303
53.942322
52.963492
91.938123
9.535099
56.096721
122.510967
43.970418
125.748142
13.158065
152.538462
37.748328
17.287037
59.381818
74.536364
48.753846
105.680872
126.410345
52.611765
32.161165
47.924227
174.927070
28.605556
73.652062
36.577273
78.200331
34.627451
253.714935
46.784775
39.961238
84.538050
41.723077
49.013208
150.985443
171.606647
104.532704
455.157388
39.229932
405.947112
43.144983
40.728788
162.630851
191.073077
90.919811
147.626712
283.556849
43.487842
6.324564
94.740984
458.626821
60.166798
111.419463
492.702055
114.039256
16.523841
99.498885
51.663023
111.976829
16.883178
48.735110
420.682278
573.048872
477.464706
42.542857
56.009091
52.761446
91.857692
38.746057
50.048582
9.627219
47.743537
28.705941
327.349175
147.753704
171.509259
36.117770
161.786420
27.924138
38.645324
239.926316
71.839597
182.382975
49.253974
30.767568
44.465823
51.312088
20.987736
183.239117
203.487931
99.679897
303.188710
207.238889
196.719863
259.032677
110.121587
250.177049
49.103448
89.358451
31.719069
372.368519
538.010169
45.316667
40.964179
101.811864
96.666667
133.207576
287.571933
105.728369
103.833829
340.537580
143.687205
100.051007
51.423502
90.190397
214.124055
259.636486
330.596774
192.684437
60.916038
59.596970
115.068966
175.516254
81.534252
316.924121
124.764935
632.802985
181.617742
57.870896
186.748746
68.802899
55.212375
74.374205
153.415134
52.433333
78.967516
40.095349
49.631481
47.087117
38.271698
174.403859
294.132051
24.504950
435.483708
557.305405
242.389552
52.367559
47.612069
454.208772
153.385714
48.991606
298.224113
111.290683
56.061566
213.318919
278.616151
321.936331
131.225281
159.919481
576.680851
11.333333
263.289860
64.044361
308.054437
196.208779
172.097059
716.363082
94.886170
377.379856
614.776101
482.564495
364.815603
248.815789
313.387705
108.546154
173.876435
46.422355
142.300000
220.925000
266.114234
446.850485
107.016667
134.892157
148.495161
276.793023
201.028417
56.061074
50.990554
305.692958
583.468790
106.111224
518.230928
337.815986
41.503909
68.903738
50.770968
167.327419
351.129412
175.136885
43.568421
26.902606
134.232432
140.019142
248.847541
437.505405
102.385036
219.954530
24.280328
489.405369
53.007042
181.002658
115.126923
516.710405
149.631560
577.280100
195.379699
232.252952
273.610983
156.033912
653.719328
406.015704
119.524468
34.500664
651.172222
109.517742
373.316667
57.393590
341.261404
69.696269
185.916258
38.187809
383.197668
241.942359
44.357591
59.403279
85.456452
78.914669
283.696269
560.346644
374.800853
155.128157
172.849288
145.713158
61.750314
21.785659
407.921429
114.034568
28.380783
311.805172
516.097643
250.650000
297.037374
96.982946
98.988889
301.293168
77.356128
62.737838
142.722901
683.705556
600.697773
84.920130
481.164103
7.652640
169.173684
31.672414
614.326471
559.006502
14.723841
11.872591
144.746440
339.483213
390.219572
115.115152
82.981119
175.229338
10.402648
41.140067
343.131579
409.536508
234.357718
390.374018
225.830033
360.948148
693.249827
277.837037
103.793958
612.851987
760.441176
92.012541
56.033333
14.210993
164.903287
532.275641
318.110169
465.963620
609.241528
17.435099
209.664089
434.754545
127.777869
114.429151
553.552632
600.690260
402.469896
473.661321
236.393656
861.753901
784.834426
849.233977
235.134615
463.222581
184.265571
174.742251
637.220257
700.567241
725.188889
821.053448
380.618692
490.111538
318.100000
219.644578
795.194077
292.330605
380.924157
133.158993
191.274092
448.774138
82.439744
25.868601
761.257143
561.795455
431.918533
728.476054
90.289655
293.213115
706.767797
847.303008
426.218498
809.030508
804.289247
140.956140
351.107492
337.934211
819.278397
564.807641
824.091304
103.670513
65.344595
821.303497
462.644340
449.067391
206.650530
35.099123
269.216667
384.604098
360.003952
135.491729
390.388339
412.423188
265.575710
528.746626
195.565789
636.394966
268.597557
538.873944
345.461388
227.928283
828.938996
487.124074
574.186755
144.750360
512.032748
342.871429
300.443253
308.798829
630.534385
599.025342
773.266460
790.446278
122.834307
949.800000
542.570288
316.920922
543.101839
629.812281
762.879630
664.532530
921.300000
765.169795
794.135714
196.129683
302.358252
356.194444
808.565018
782.279452
521.093262
218.527723
788.629705
816.165772
413.924096
805.118182
819.431206
638.615517
376.650890
711.530460
188.519878
409.800344
850.305668
542.519355
147.379245
18.935484
272.999226
811.962718
962.600000
779.898444
775.048592
659.289189
627.450000
840.979245
777.577409
440.877713
269.957937
844.160606
851.269675
359.669718
789.493373
436.074561
188.986050
610.346990
791.315385
639.971536
793.772973
770.756934
459.950000
775.969231
253.635380
194.550000
182.329508
172.772131
378.633172
976.600000
766.382230
433.179845
578.459459
249.371429
818.864135
648.496785
793.954225
821.410963
805.957338
937.100000
468.175325
630.327491
788.842767
673.989666
825.796970
788.133333
834.033223
944.700000
739.359524
624.255629
762.115385
565.947006
621.556631
831.972727
817.261702
603.435971
794.096479
957.200000
782.752542
335.492401
320.747170
153.404204
160.664035
772.374476
312.302469
652.864286
792.800709
433.848649
808.338941
362.742398
42.632390
233.775000
792.962069
476.294681
780.955556
800.911092
956.300000
812.119355
937.500000
789.628105
746.713919
779.588629
373.954545
303.046805
806.217869
810.694624
935.400000
577.646721
784.981298
775.201587
804.456026
939.400000
613.712763
924.800000
821.249618
726.389408
925.400000
784.044737
959.000000
959.700000
810.670588
809.255518
921.200000
765.210749
788.626027
749.290778
789.019512
823.228571
837.591837
957.900000
754.042767
822.979498
955.300000
543.597010
324.087156
924.900000
940.900000
839.057746
955.700000
709.803835
833.641281
292.292308
941.900000
803.453247
957.300000
804.025559
959.700000
802.927397
939.400000
942.300000
958.600000
965.500000
918.500000
933.800000
952.300000
935.000000
813.285342
806.384211
811.162718
802.770886
786.648387
756.956311
946.900000
808.459170
923.300000
916.500000
953.900000
787.742857
829.536996
943.800000
945.700000
823.115603
809.864865
915.500000
794.322293
939.700000
905.600000
932.400000
934.800000
724.091566
796.633977
936.300000
802.710526
944.700000
926.600000
773.742767
815.632997
926.100000
952.300000
823.436620
930.200000
800.232155
938.000000
814.600000
937.200000
771.587755
677.745289
811.478397
833.103497
947.100000
815.884211
926.200000
799.156026
929.500000
940.500000
848.582528
839.393750
918.700000
950.100000
938.300000
617.152366
816.384906
944.800000
304.674468
957.300000
807.256026
947.500000
947.800000
926.100000
827.579730
808.754206
811.018182
939.700000
940.000000
832.093197
844.888136
960.100000
830.802878
951.400000
807.667584
946.100000
813.921192
936.900000
984.000000
836.464912
984.600000
939.300000
816.066225
821.801370
830.098990
961.500000
966.100000
823.185342
950.800000
949.600000
945.600000
969.200000
970.500000
978.400000
832.719377
957.700000
963.600000
930.500000
973.800000
811.311321
524.985714
939.000000
836.735154
931.500000
830.621311
942.600000
790.242767
954.000000
949.600000
959.400000
834.863082
821.350000
809.917869
966.500000
978.900000
794.072727
960.800000
968.000000
962.900000
829.308633
824.708108
961.500000
814.405263
351.711111
974.500000
828.082772
834.432026
949.500000
943.100000
947.500000
836.251825
966.100000
800.017241
943.800000
825.666555
954.100000
806.852632
934.900000
953.700000
948.700000
958.900000
957.600000
798.972555
945.800000
840.044295
843.528571
969.300000
973.200000
819.051825
950.100000
937.100000
954.400000
825.521053
950.400000
813.820973
943.100000
740.779008
814.980573
963.200000
809.831206
963.000000
952.700000
966.100000
959.700000
835.059567
813.215408
960.900000
797.917981
819.127129
794.748101
814.327397
957.200000
965.600000
830.097279
956.800000
942.200000
825.943709
800.090895
966.900000
970.600000
965.400000
944.700000
966.900000
809.677305
850.153623
833.241772
827.576190
836.915493
938.200000
857.063598
948.400000
943.500000
848.003497
945.700000
944.100000
837.911511
953.300000
853.206557
962.800000
800.964103
932.200000
821.628105
827.331579
946.400000
836.266431
955.200000
931.100000
937.300000
945.800000
970.400000
951.600000
958.100000
972.700000
959.200000
960.400000
947.900000
810.470968
818.232450
844.010169
814.324183
961.200000
973.000000
959.700000
948.100000
960.000000
955.500000
973.100000
959.500000
831.423404
792.804249
958.900000
843.229889
839.865993
843.899237
960.000000
964.800000
954.400000
829.789744
957.600000
856.489892
820.477640
827.731459
818.915408
850.461092
959.400000
948.000000
975.300000
959.800000
957.900000
835.519377
838.984906
972.500000
971.200000
838.408108
965.300000
967.500000
979.200000
853.800730
851.421053
984.900000
481.966667
959.200000
828.727869
805.695960
963.100000
865.526415
975.400000
843.473408
948.100000
975.900000
847.436312
818.460976
850.155482
844.532886
966.100000
293.651246
990.700000
859.926848
953.300000
945.300000
845.559779
983.200000
972.500000
803.381388
970.500000
833.075000
983.600000
850.997279
796.478947
979.000000
968.100000
963.700000
828.572727
836.332155
857.377741
985.000000
972.300000
869.363636
825.045860
976.100000
979.200000
685.359322
973.300000
975.200000
978.600000
971.900000
839.370447
818.091368
989.100000
979.900000
853.209363
850.564706
853.208633
749.420152
818.555150
826.772727
863.732824
303.762391
965.100000
853.411511
824.476984
858.773684
836.230976
822.180225
834.818182
992.400000
834.139668
811.903642
983.500000
237.525424
850.051724
954.350000
982.600000
818.082524
802.166221
848.323843
858.850685
831.945161
976.600000
994.600000
704.284477
842.006993
875.954682
828.659779
995.700000
997.500000
839.735739
614.307122
980.400000
159.529339
872.519926
662.603484
664.615789
971.000000
832.536278
217.618519
810.298350
953.100000
963.800000
992.200000
860.875342
836.358131
827.963407
968.400000
349.152632
114.710359
972.500000
848.138889
859.623077
280.498860
850.765125
851.100847
616.929720
663.966667
982.900000
825.020968
851.300000
1010.900000
842.609756
837.373239
857.347985
686.421569
276.253155
861.061702
846.944186
967.100000
824.750442
855.888742
877.724031
849.865125
960.500000
985.200000
857.350685
823.173112
302.315493
982.600000
831.788629
843.398123
986.600000
872.940602
973.200000
963.900000
667.723041
960.700000
810.415789
820.635739
977.000000
970.900000
706.131010
961.200000
979.600000
980.400000
963.900000
991.500000
960.050000
853.306993
857.009363
847.806557
827.458833
978.600000
995.900000
842.131206
820.615408
976.000000
845.825397
814.043373
967.200000
840.510692
982.100000
975.500000
971.200000
873.016988
963.200000
809.335802
978.200000
795.817791
969.700000
851.573684
840.766445
879.819926
842.447059
983.300000
989.000000
850.578853
984.200000
977.800000
832.294118
972.400000
839.726019
969.400000
972.500000
863.130112
843.478788
980.200000
983.100000
981.500000
862.123843
832.651807
991.400000
852.930408
858.665724
859.511511
977.400000
987.100000
836.491720
992.700000
971.700000
827.017981
987.500000
844.494558
264.038462
962.850000
974.200000
830.166460
961.700000
854.599340
991.600000
817.754795
989.900000
853.590875
836.388732
846.841772
824.425974
983.400000
985.300000
858.406494
854.193197
970.100000
967.700000
852.861702
976.900000
859.631579
978.700000
992.900000
979.300000
878.523529
828.919355
989.900000
868.583333
840.712658
862.479585
986.600000
993.800000
981.000000
849.647985
965.200000
836.006794
824.721927
984.300000
858.001370
982.700000
990.700000
862.001460
876.402878
849.428013
977.000000
988.800000
988.100000
824.783544
1000.700000
847.801587
963.800000
858.019377
966.100000
968.500000
961.900000
991.400000
846.113986
851.616555
982.600000
865.364045
991.700000
975.600000
972.100000
986.600000
859.933223
972.400000
991.400000
873.532479
514.743443
975.400000
993.300000
855.264706
852.195455
984.600000
835.892157
978.500000
852.077640
796.212712
968.400000
979.800000
981.600000
988.700000
981.200000
975.900000
885.226415
986.500000
791.369672
846.694366
979.300000
984.100000
971.200000
830.097360
844.913580
869.183544
975.000000
843.127508
957.000000
969.900000
842.725436
852.777181
985.700000
828.646370
867.191228
869.188889
980.100000
854.533223
832.163793
838.495017
866.401370
1000.700000
857.889744
987.000000
828.744369
993.100000
858.774061
845.653698
815.030952
856.203448
869.569231
296.036364
839.988732
867.206993
289.431746
851.013793
993.300000
990.500000
980.600000
1002.100000
989.300000
875.104918
998.400000
827.360702
1000.200000
847.072727
985.700000
839.652432
827.547173
994.300000
878.163636
977.300000
857.533333
867.032997
841.400000
858.215493
861.846124
835.313158
975.900000
806.643939
848.930061
824.053175
847.154967
838.633333
834.055150
977.800000
865.301460
991.900000
856.632886
1001.500000
843.716225
879.133206
873.315771
989.100000
838.099254
1000.100000
867.432155
859.764865
996.300000
858.210963
836.481481
987.700000
851.538596
843.729825
862.615493
841.191961
840.897690
856.884058
865.023843
990.600000
860.565125
860.763082
836.746278
893.652174
836.987755
983.900000
975.500000
860.059170
867.165125
851.670144
985.700000
872.739852
844.201807
835.742857
991.800000
977.200000
314.478571
983.600000
869.712639
842.871186
984.500000
997.100000
988.900000
271.133333
834.455172
978.000000
838.187421
979.700000
879.287500
973.800000
875.639852
861.722074
837.188235
989.100000
871.944295
987.100000
986.800000
973.700000
848.577181
872.907801
989.800000
981.800000
975.900000
853.983333
978.200000
841.266234
830.160870
972.800000
853.225397
857.460131
870.390909
988.500000
974.100000
984.800000
973.400000
842.325688
989.800000
986.300000
999.100000
994.800000
969.900000
991.100000
996.300000
989.700000
859.594118
846.723676
980.100000
971.700000
981.800000
993.700000
972.900000
966.300000
989.100000
851.752055
963.200000
985.300000
982.500000
848.191304
978.600000
450.651438
973.800000
985.200000
975.800000
974.600000
857.576712
987.400000
985.200000
983.800000
988.400000
860.533333
807.651118
970.000000
986.000000
870.381250
854.745860
872.947584
984.300000
861.375561
977.700000
955.800000
991.200000
987.700000
982.600000
853.022074
854.717483
969.600000
856.759170
825.549685
983.500000
998.500000
817.404249
980.700000
856.996078
985.800000
976.400000
975.400000
639.467647
833.196246
954.900000
1004.000000
859.706897
847.522830
867.079245
846.036556
996.100000
987.400000
996.500000
830.350000
985.200000
853.999010
846.985246
859.399293
869.355556
979.700000
977.900000
980.200000
857.793197
862.430435
852.083792
998.500000
848.810963
863.198639
839.978788
977.800000
965.700000
982.500000
993.300000
831.232450
994.000000
988.300000
963.600000
983.100000
835.172727
984.700000
860.063636
971.100000
971.200000
847.384615
957.200000
854.569504
843.416099
977.200000
987.300000
982.700000
832.210702
982.500000
847.608108
969.800000
979.400000
861.677483
975.300000
848.700000
854.833977
982.700000
976.100000
848.911111
851.929851
832.983544
845.030564
981.600000
981.900000
974.800000
871.121805
977.800000
980.400000
851.245860
999.900000
983.500000
854.522581
976.700000
851.514493
968.700000
859.074061
988.900000
974.700000
860.690909
854.662718
992.800000
838.561017
987.000000
982.600000
979.000000
980.500000
970.200000
989.100000
976.000000
871.419926
967.200000
980.400000
980.100000
981.200000
968.300000
852.189744
970.600000
832.581481
978.900000
983.300000
850.139350
963.100000
979.600000
974.300000
982.100000
971.000000
960.500000
972.700000
871.770588
973.700000
967.000000
826.450000
980.300000
854.155482
978.300000
969.700000
988.800000
982.600000
828.328173
993.500000
977.300000
863.805660
973.300000
973.800000
842.291011
970.700000
858.884982
990.100000
983.800000
862.017647
989.100000
859.661702
979.000000
984.900000
975.900000
976.800000
992.000000
970.800000
990.900000
970.200000
819.807038
988.700000
854.848123
972.100000
964.500000
972.500000
989.800000
846.142857
995.200000
977.100000
859.665125
968.500000
958.900000
965.700000
982.600000
977.100000
865.439852
838.646154
984.900000
993.300000
968.900000
966.900000
984.600000
972.000000
837.826019
985.900000
977.000000
853.901460
989.800000
984.100000
993.100000
983.800000
975.100000
833.223676
981.400000
981.900000
982.600000
999.800000
842.876433
861.090909
970.500000
974.000000
974.900000
833.465031
976.500000
964.800000
964.400000
967.500000
968.200000
983.800000
971.600000
993.800000
835.387421
992.600000
962.900000
835.707317
984.800000
850.791262
992.500000
964.800000
850.528105
972.400000
982.700000
852.540678
968.600000
849.566667
957.100000
990.200000
978.400000
981.500000
983.700000
844.448123
972.800000
860.065724
979.700000
978.100000
963.100000
973.300000
958.600000
987.100000
972.100000
990.500000
859.061092
989.800000
983.100000
963.700000
981.100000
973.700000
981.500000
978.400000
973.100000
981.500000
859.519679
985.500000
970.900000
809.878378
979.000000
987.900000
981.800000
971.100000
984.700000
975.100000
969.900000
978.900000
996.300000
984.300000
979.400000
814.751118
966.900000
856.610989
850.717869
835.384211
971.800000
967.900000
849.864052
973.200000
987.800000
847.986486
976.500000
978.100000
841.132641
838.219355
967.800000
974.500000
851.269132
975.500000
832.277215
972.400000
964.300000
982.900000
958.000000
957.400000
858.715603
993.800000
987.300000
858.126027
846.658621
856.195618
981.500000
950.500000
860.319926
989.200000
980.900000
978.600000
978.800000
967.400000
986.700000
969.600000
871.387500
847.442105
847.306897
967.200000
982.400000
975.100000
856.511111
986.400000
855.906897
855.999293
864.064045
972.200000
842.292157
976.800000
982.600000
986.100000
990.800000
984.200000
839.172050
855.654545
869.595437
980.700000
957.700000
863.800730
967.000000
981.800000
818.392638
962.200000
805.175839
840.560131
840.621192
861.544295
980.300000
848.222074
863.881250
989.200000
824.242767
808.576543
846.466234
980.900000
977.700000
975.000000
839.956140
846.366555
981.000000
986.800000
970.400000
957.500000
974.700000
984.500000
839.119481
979.000000
952.300000
843.561146
972.700000
856.649020
805.633333
852.530408
844.301370
964.400000
970.400000
829.108023
984.700000
872.787500
851.006406
843.110394
967.900000
961.500000
845.877592
966.900000
847.545860
955.600000
852.048387
975.800000
971.700000
834.795238
842.865772
970.200000
830.358974
975.600000
988.700000
819.821739
795.863091
988.900000
969.700000
969.700000
985.900000
847.588968
823.846479
973.300000
976.300000
960.500000
969.300000
847.410963
983.000000
962.000000
863.555518
841.097690
966.800000
865.035743
843.537736
996.300000
844.587952
846.725397
1000.400000
862.774061
977.300000
980.400000
989.200000
814.247649
862.461702
979.300000
868.247059
974.000000
965.000000
970.300000
860.950685
987.300000
867.388976
968.800000
978.800000
844.869697
825.279221
978.200000
816.830159
969.800000
827.588235
851.181703
965.100000
823.698658
844.681443
832.431469
822.280952
947.500000
857.936620
842.725397
961.300000
957.100000
822.716129
845.828105
867.207801
816.120690
810.610631
972.600000
957.800000
974.600000
986.300000
974.900000
976.900000
976.300000
971.700000
856.330435
843.029825
855.122222
976.700000
843.209091
969.800000
795.116263
963.400000
968.500000
969.300000
1002.400000
816.064901
857.764865
972.800000
833.215408
979.900000
866.678873
686.730466
836.452542
977.700000
961.900000
971.800000
867.710169
977.200000
969.200000
835.085106
977.200000
975.000000
980.700000
836.620973
846.900000
847.025000
869.327778
992.800000
845.398350
812.440845
854.277483
999.800000
982.100000
988.400000
852.384030
987.400000
973.800000
873.432997
568.611599
987.300000
968.600000
980.800000
972.500000
823.337931
853.333333
850.456140
844.336278
988.000000
979.400000
988.800000
858.006897
979.800000
839.066667
834.915287
990.300000
482.404560
856.606406
860.848123
970.000000
980.100000
978.100000
982.200000
985.700000
846.476190
981.600000
985.400000
959.400000
849.210345
859.177483
866.382456
852.671429
979.600000
986.600000
860.177483
841.730671
991.400000
990.700000
975.400000
864.161092
847.167901
866.143284
851.952055
994.400000
865.519377
865.883333
981.800000
852.559740
841.973786
1000.600000
978.600000
977.500000
999.500000
873.230435
872.850685
992.300000
992.800000
957.500000
876.854978
855.695611
848.944147
833.880117
858.052632
863.132886
1004.500000
835.712195
838.335739
981.000000
997.300000
988.000000
864.877483
988.900000
861.110526
858.238889
976.600000
860.019742
980.400000
973.700000
828.338509
982.100000
1001.900000
872.941281
976.900000
988.400000
990.000000
975.000000
818.244444
865.254296
981.400000
845.033333
985.800000
845.508642
873.527778
983.600000
868.163754
859.233110
849.144147
879.908949
865.566031
995.700000
981.100000
973.800000
866.908633
869.365125
866.551095
986.500000
967.800000
877.390909
866.353698
858.458621
865.739852
981.400000
842.242767
990.700000
848.408633
831.636223
876.937313
966.700000
985.200000
984.300000
874.338843
847.562963
985.200000
981.300000
992.400000
987.500000
860.585342
845.744147
979.200000
985.700000
970.700000
992.900000
994.600000
869.751724
862.032026
972.800000
826.230816
850.460815
847.869231
986.700000
837.127711
994.200000
532.913036
983.800000
850.192157
981.300000
988.300000
856.440678
993.600000
974.800000
984.100000
844.056098
975.100000
868.710490
957.400000
847.992135
989.900000
992.800000
984.300000
982.800000
983.600000
995.100000
852.981443
977.600000
862.261092
979.000000
983.000000
985.000000
823.314013
986.100000
844.424183
863.115493
978.800000
977.500000
986.300000
525.636066
999.400000
985.100000
997.500000
843.781459
982.100000
993.800000
864.707246
984.900000
992.300000
855.250000
852.878547
867.730112
967.100000
980.900000
871.515385
859.337681
849.619134
881.783206
990.700000
876.000730
986.300000
844.995971
996.000000
988.300000
1008.700000
835.966460
861.910224
868.565993
874.206993
993.100000
989.000000
1001.500000
861.432886
979.200000
981.500000
878.509363
994.200000
983.100000
967.800000
984.900000
992.500000
997.000000
846.572050
864.723843
863.870588
839.567742
1002.100000
991.400000
984.800000
832.155280
859.028013
1005.800000
995.000000
1001.600000
997.700000
989.000000
872.436620
853.381443
859.606897
983.700000
837.194118
860.215603
982.400000
986.000000
982.800000
870.574627
966.300000
974.700000
979.000000
993.200000
988.100000
858.033223
979.200000
983.900000
984.800000
979.800000
993.900000
988.600000
854.486486
970.000000
979.500000
990.300000
987.900000
992.900000
870.487031
866.955556
825.766667
999.900000
997.700000
867.392157
847.538596
856.517869
978.700000
1004.500000
855.194624
847.040741
987.000000
878.966412
875.298639
985.100000
987.900000
874.609363
861.910526
980.000000
987.500000
854.929730
974.600000
850.021384
994.400000
967.400000
985.700000
974.700000
985.800000
840.950965
985.000000
989.000000
990.300000
983.500000
989.100000
982.600000
310.529371
856.594624
991.600000
995.900000
823.264179
989.000000
996.900000
855.317964
858.360131
988.800000
855.230249
855.970684
848.581356
990.500000
972.600000
973.200000
863.115287
828.332203
989.600000
996.300000
863.566555
843.607317
986.000000
878.723529
997.200000
859.649458
980.100000
979.500000
852.281459
966.000000
987.600000
991.900000
825.700000
990.100000
975.800000
988.600000
965.500000
985.100000
981.100000
858.695918
866.326027
983.600000
980.600000
836.360870
984.600000
990.700000
680.430508
990.100000
853.570684
858.604979
982.100000
857.717483
985.000000
981.600000
989.600000
966.500000
981.200000
873.605747
998.300000
836.301695
855.510692
990.000000
981.200000
983.800000
832.245659
866.685714
157.451873
975.000000
859.194410
864.411511
967.100000
801.957143
848.445017
823.031399
858.235154
987.000000
990.000000
981.100000
863.755482
886.593750
862.699340
857.428571
847.120124
850.485246
991.700000
974.200000
824.793277
666.681356
976.100000
857.196078
857.932155
866.685714
990.700000
830.692638
982.000000
999.900000
980.200000
983.400000
995.600000
858.441896
979.800000
841.576730
987.800000
864.237154
844.941945
874.763598
848.966445
873.715771
493.847859
848.490476
815.998592
838.396639
818.921477
986.200000
995.400000
969.100000
854.670968
978.500000
986.600000
972.100000
857.561146
980.100000
861.610224
858.886486
992.600000
989.500000
866.463082
862.766667
851.552113
978.600000
855.447368
707.980282
987.400000
993.500000
980.200000
1003.400000
834.694260
820.959649
-0.260131
-0.260131
1.132517
-0.676433
1.151038
0.178523
0.573288
-1.448485
2.056716
-1.719048
1.193594
-2.140778
1.193594
1.515942
-0.925000
0.751038
3.007843
1.071603
1.067845
1.043860
1.257143
0.891379
2.483969
-0.574359
0.871603
-18.043284
2.483969
1.321147
2.037361
0.735017
0.178523
0.651038
0.291892
2.031818
1.180496
1.500542
0.456803
3.162846
-17.970968
3.830321
0.278523
2.065018
1.565942
0.691379
-0.640678
0.291892
-0.574359
2.855253
1.515942
1.371147
0.523288
1.782353
-1.501587
-0.015125
-2.199133
-0.574359
-0.876730
0.311296
1.051038
2.680769
-0.311111
0.311296
-2.115408
0.943860
-1.246774
-1.309480
0.406803
1.450542
-1.356098
-0.152632
-0.420968
0.641892
-1.023676
2.461407
0.761111
-0.522830
0.516667
2.680769
1.648175
-1.309480
1.581818
-18.052632
0.871603
1.151038
0.399153
-0.048350
1.500542
0.514846
3.562846
-0.548123
-1.972741
2.618519
0.882517
-0.470968
-0.210131
-0.366234
0.982131
0.235017
-1.212577
2.537361
1.643594
0.464846
0.891379
3.725203
0.906803
2.196992
1.143594
-1.879940
0.830496
0.482517
0.006803
1.198175
-0.448350
-1.070968
-0.518770
-2.069048
1.182353
-0.448350
0.482517
-1.226984
0.805634
-0.016234
1.265018
-0.498350
-0.214983
1.065942
1.165942
3.105253
0.382517
-0.538704
2.429845
0.807143
0.106803
0.031230
1.889394
0.935612
3.311290
2.880769
-17.925895
-0.085154
0.443860
0.593860
-0.766234
-1.948485
-2.044398
-0.200847
0.371603
1.665018
1.396992
-1.176730
-0.085154
0.311111
1.000542
0.371603
2.015018
1.067845
1.221603
-0.816234
3.691803
-0.802632
0.035017
-0.666234
2.735039
-0.976433
2.305253
0.155634
-0.656557
0.291379
-1.467901
0.841379
-0.277592
-0.789759
-0.071477
2.505253
-0.716234
1.035612
2.850000
1.437361
1.015942
1.085612
0.532517
0.223288
0.455634
-0.498350
-0.143197
1.650185
1.037361
0.364846
-1.715385
-0.178397
-1.176984
-0.406557
0.611111
-0.663355
-0.648350
0.332517
-0.970968
-1.176984
2.211407
1.432353
-0.944260
1.718519
-0.376712
1.317925
0.006803
2.057088
0.256803
0.985612
-1.026433
0.301038
0.667845
-1.565385
2.381250
-1.670124
0.382131
2.562846
-1.570124
1.200185
36.475000
23.674161
42.533566
22.587147
35.223129
22.017110
38.810811
68.369931
26.012590
23.978261
28.623186
39.802682
18.038658
27.722742
35.297059
26.832219
31.159712
36.768182
91.488686
22.259712
33.958835
22.658042
35.276471
25.968354
52.442857
13.495205
35.787589
42.047026
29.297458
36.042857
18.179866
30.700000
34.955556
34.482334
21.115126
29.729866
23.153797
24.774161
14.627211
25.496167
24.870821
37.740559
30.459935
40.738174
40.555670
45.531949
33.806146
0.445137
25.027586
26.399291
9.024564
39.555670
17.694444
23.722742
16.216077
54.911960
25.270548
22.333333
17.462782
43.758682
36.815058
18.167555
30.329658
31.938028
20.177301
10.848882
36.570412
22.622491
24.977586
29.744610
24.254545
45.561165
25.959665
35.029775
38.943945
20.234146
23.178261
26.657443
35.248221
25.866077
21.846073
25.157616
43.770412
11.827835
24.712270
43.884615
36.989057
41.704240
23.873540
21.326812
29.417224
27.761111
38.621014
39.417460
43.583566
13.817460
18.894262
47.530070
14.495238
12.101341
43.593676
34.682334
17.665468
21.984733
30.092058
29.075862
13.696715
26.054620
51.070732
21.055281
30.309091
55.262903
29.950000
32.031579
17.090698
42.631949
37.301493
20.275862
12.828470
56.028076
12.771918
20.890406
15.224101
29.079211
18.257092
31.447552
15.937189
17.912284
31.170588
6.467802
22.059464
23.368601
13.794737
29.556271
20.563441
25.663345
42.046416
22.557143
32.156146
32.757509
40.155670
34.477554
38.191558
27.509966
25.433887
72.333582
22.437113
35.701908
29.215152
35.550000
13.159677
10.115789
30.991275
35.535968
32.838710
8.066667
48.985808
38.519244
24.074161
26.544237
28.875862
33.900554
43.450000
40.810811
38.323129
34.821429
16.881884
36.713063
28.418321
17.152076
33.805281
37.852941
14.541195
19.064808
12.504341
29.679664
30.906940
21.989632
32.380783
27.692771
37.253957
18.177526
27.761111
32.733333
31.818110
10.900000
32.947942
36.687102
17.251703
29.674638
28.850000
25.602632
69.850171
35.795055
17.021795
34.339502
36.028571
23.446358
49.289701
39.233688
12.558065
26.062590
28.616393
20.053521
38.989474
42.121841
31.783449
36.658059
36.603957
16.064286
28.518612
21.385484
25.583626
48.800534
12.428947
16.796350
43.480282
56.000000
20.954040
33.946980
50.063768
29.017264
9.396825
32.587179
30.355414
43.325166
23.889502
28.369965
28.066667
36.740590
25.471053
30.305281
13.079739
44.424116
29.395390
20.154040
12.454341
13.744816
54.535878
39.276062
7.192962
32.966667
24.016077
27.275862
33.044805
45.514179
24.767687
39.904545
16.531884
35.766393
21.995594
31.784615
27.972807
22.404290
11.552648
31.268254
34.417241
64.199402
19.700000
5.524924
34.821769
47.579134
40.524919
33.457509
38.806061
21.861847
51.649442
32.562903
10.652970
18.085849
39.602875
68.125092
23.336364
14.764261
19.292105
35.564516
19.593985
21.025779
39.349123
56.022388
77.158423
9.218444
28.572180
19.703846
25.254620
31.533815
31.904152
30.891275
28.572807
32.281579
29.159712
30.146392
14.972222
25.928916
21.847026
44.051408
27.411111
37.270671
17.442662
48.681081
37.472222
18.135849
29.042771
27.789139
23.728435
40.981900
32.756146
29.025676
25.880303
47.416667
14.710127
25.766667
20.972491
16.544850
23.606044
12.867532
13.082530
23.533333
13.224101
19.904040
31.319863
59.367213
30.597826
34.537102
35.416129
20.331034
18.209677
30.780132
17.128261
17.667555
29.694891
21.738673
16.553047
11.791908
27.859935
34.149129
30.274138
31.268211
69.267972
32.353114
10.963158
27.577138
31.305051
28.369863
30.055414
34.345055
7.715789
18.361538
25.729866
49.464948
32.405281
16.812752
31.581579
34.867391
20.122180
18.987582
51.499442
30.443750
33.605281
19.323457
19.226523
35.161733
46.645324
43.454545
40.744268
38.849123
20.862590
19.044262
30.125676
28.521769
15.649035
35.514516
96.918627
41.868702
28.229755
50.559073
19.357616
29.568321
34.062025
30.694539
28.167224
27.576923
32.992857
45.990580
19.954040
25.844982
28.239441
14.993770
25.433449
32.351625
23.567647
23.354290
37.502685
56.042857
28.997436
28.580328
39.666949
64.717972
46.793431
41.621841
34.988028
31.174138
30.337582
33.837102
34.105611
37.992857
28.917224
37.700000
25.454620
16.813636
32.125000
34.291391
29.847239
43.545183
42.434066
29.576062
28.346945
24.986396
18.137719
26.138047
60.232653
20.979310
47.017442
38.600664
31.280132
43.372222
35.110526
21.422491
34.757987
60.281081
31.444539
41.328063
43.776471
15.761268
33.300621
39.631900
25.678571
43.137066
22.640406
45.874116
47.300738
47.498069
42.984100
41.997764
43.117568
13.622591
29.892424
56.054023
31.530132
39.551079
82.027273
47.295425
52.509779
77.200000
22.853191
80.525163
29.448052
17.300369
32.056146
70.276655
56.050534
17.485849
45.065658
68.556869
31.374138
53.651375
29.848052
43.834615
46.240580
17.521233
22.296358
23.618601
28.768321
111.168750
57.398294
31.730783
45.762500
30.232911
26.120701
33.707509
37.948201
13.136885
18.844262
36.973529
18.919258
52.401685
41.421062
42.116129
56.000000
23.435987
60.212088
40.438462
38.574841
31.655414
56.008081
23.978435
26.088047
24.277586
20.505631
56.467834
63.253846
33.524593
42.368493
30.797468
28.598204
23.237063
44.560317
39.588462
67.125424
31.004438
41.975850
26.427745
21.222491
37.216667
55.198294
27.492907
26.138047
23.174161
27.280769
33.581939
55.705882
43.566129
29.482716
32.498069
22.278261
26.426923
38.421841
41.827211
16.944578
30.709502
80.553249
38.530070
54.473077
24.294982
17.694578
36.127049
87.394118
22.821044
36.734588
29.069965
38.398221
24.952632
57.767559
23.152827
51.325503
78.401099
42.166667
21.200643
45.227451
42.468085
52.107921
63.661981
35.420690
73.509571
16.883178
55.435110
37.098221
34.666667
32.905611
41.108389
25.044444
35.682818
24.935987
56.353047
90.209551
31.266901
30.359119
39.550000
55.114184
40.576062
36.240590
17.300000
17.138136
44.173171
39.590590
37.119178
34.391536
45.206780
25.236396
40.021841
40.570671
37.450000
36.210526
22.653191
21.101449
21.100643
36.576582
39.510811
36.653957
33.263099
37.890590
46.006383
41.200000
38.171014
29.032716
38.052685
15.172222
20.193985
53.932154
27.620701
25.644982
45.389189
19.883779
62.347004
32.771429
41.108389
20.887113
39.607143
22.413707
18.857092
20.409464
48.181970
48.719799
68.426690
75.790780
27.972180
44.737063
33.263566
31.256740
56.036879
17.039298
25.816667
28.735570
23.267687
34.144056
25.376812
37.400000
43.450000
56.019298
45.100358
35.712082
41.993939
24.802606
13.783333
28.779658
55.015079
56.457042
44.650000
20.623457
38.585371
32.869008
37.236909
20.451274
19.369258
27.426923
29.933658
49.389701
26.288047
33.648201
23.717687
56.044361
30.133887
57.435915
86.579004
33.112903
42.509477
36.800664
25.812590
56.021260
40.450000
51.051757
29.732051
33.309477
39.902682
29.429211
51.821318
28.819048
23.328261
42.838783
16.544850
46.945946
42.568493
45.345020
43.240650
31.887302
36.169178
95.346441
25.304620
41.183737
21.357792
17.150000
23.071044
23.194785
33.855556
68.750000
37.452649
29.430488
31.116901
30.501852
27.044118
45.277211
56.046021
33.245098
56.051685
42.950000
12.650000
59.601286
64.712088
37.549123
42.469301
16.862752
35.432432
43.484100
23.186364
48.278571
60.842395
45.695324
78.557190
29.529268
39.650000
57.808475
45.193548
25.026119
16.437838
65.562338
43.101408
54.831293
50.016667
32.713441
40.573770
28.792424
22.404290
42.767241
32.121429
48.980070
35.187288
45.789632
42.515385
20.655631
49.374648
33.987102
36.690351
46.706931
41.223064
37.756061
80.671033
21.794785
80.090062
95.023529
29.368211
28.369965
44.714179
22.660753
25.503191
20.566327
20.441176
41.735065
20.716168
27.016667
45.034615
62.360653
32.563322
23.467797
41.930282
17.585849
49.593346
36.866949
43.985714
56.617123
16.114286
56.093891
26.069048
77.018182
33.090351
30.829935
39.298221
39.921062
56.018519
18.524924
72.346970
35.308059
84.139051
25.001634
25.413345
37.302685
38.125094
16.683333
37.038028
36.321598
63.074295
70.283582
27.932911
36.933449
38.574490
91.192529
56.564353
29.409712
26.631570
46.436424
55.389752
43.054545
32.888806
16.253630
35.502427
44.285714
34.870149
25.872742
42.168493
37.350000
35.105556
56.081250
22.732927
84.423946
26.959517
48.968421
22.828261
24.588889
39.819505
56.039373
33.955611
40.071062
42.506061
33.169863
41.250000
38.860701
38.493248
35.922414
49.981970
36.297826
56.581373
75.529693
34.887589
29.931570
37.048428
24.794805
29.000000
47.795455
51.640476
25.888047
28.095775
25.772742
23.153797
40.760811
35.332432
24.111290
73.669931
64.071212
29.950000
28.228571
30.735604
41.341483
48.367808
24.361290
25.102632
34.924841
41.129787
23.921795
75.335062
36.900664
55.016102
30.531293
40.029554
36.866667
33.716181
49.072355
47.152941
40.606940
56.009091
37.901493
48.578571
37.600000
98.978302
41.443945
63.256897
28.169965
38.740323
36.419244
32.944521
65.505556
55.374567
22.405263
34.980665
26.423323
29.309712
41.004240
33.236228
35.471769
18.211538
61.184084
44.391935
28.472064
54.169580
45.926068
20.701274
29.933658
32.263441
44.000358
24.443820
32.521769
61.765789
33.878689
35.609155
30.497458
26.307616
27.038047
43.887063
35.901908
78.545296
35.244828
56.087500
19.185714
30.044891
45.006601
56.217123
22.498502
30.809502
33.666181
31.938806
63.690411
34.152321
50.114948
24.983851
27.451299
19.599441
16.631884
71.609241
73.089623
41.340590
45.618493
22.878698
47.569799
57.538525
27.612782
26.969048
40.587063
27.851049
38.506931
37.255941
33.697826
35.162379
19.825000
61.698322
78.750000
29.141516
25.002606
71.165254
50.543662
35.746980
36.561733
57.102703
26.169048
29.622064
88.831579
54.665432
54.892982
23.418919
72.844737
31.303534
56.048322
67.005263
27.743689
43.693939
66.220896
46.801335
73.326265
34.005281
71.952597
25.101639
52.686957
12.823290
53.773077
47.595324
56.036842
34.112082
61.859459
31.833333
33.383333
32.891489
45.881818
79.936879
50.910073
42.409477
22.615468
42.655696
43.626471
44.206780
41.996416
41.918182
25.404620
59.877165
94.141353
59.065079
74.046296
30.781579
31.880783
63.372727
33.622414
27.075862
53.977316
40.348221
51.383096
31.111706
33.213441
90.420722
52.133657
35.637589
33.089847
61.183333
40.983688
37.010811
46.527451
43.452091
70.769697
58.706149
48.504152
76.100000
56.046334
70.258383
37.666393
33.055556
34.435115
94.779644
68.309091
55.980935
39.438462
64.135593
34.205611
22.003191
69.203974
37.023529
26.526923
23.626119
32.230665
40.144203
71.132959
53.773077
51.536691
67.375000
70.953846
15.370896
33.921053
89.603101
39.553957
24.550000
34.544526
30.501852
56.005190
29.177138
56.042679
37.388889
31.909517
47.615584
51.444983
21.852827
57.932491
53.363808
33.177554
32.789251
44.164094
49.128205
36.240559
32.154054
24.833019
34.910811
43.716667
31.333333
40.263907
33.981579
36.603957
48.241065
36.387705
41.586364
79.398601
67.576655
35.564724
13.888235
37.940590
33.396154
59.883333
49.489701
59.632653
61.287276
23.371300
47.586411
69.607143
60.111437
56.068914
67.853268
55.432129
67.287640
64.206522
67.335294
67.035714
30.009712
74.489623
59.901286
39.183447
56.094595
47.504984
32.496154
56.003953
15.333784
21.098502
22.821300
36.731922
31.325676
58.216667
29.809091
32.313099
27.411111
56.050171
42.767391
48.139701
69.613492
26.272727
55.313924
35.481922
44.650943
42.431949
46.291935
52.400000
41.092126
42.704545
49.007895
51.150299
46.190580
27.994237
72.712698
37.537589
53.655221
46.390909
23.853797
73.101724
45.790580
76.125097
79.891176
51.254947
57.322204
46.011455
38.666667
71.009241
67.975092
53.112069
46.857143
45.231818
21.221197
46.643066
29.582911
27.151299
39.843082
47.056601
51.978701
55.590554
44.667568
56.015068
47.664265
30.468321
26.597297
70.681818
81.626846
65.347883
56.052708
65.528076
37.295082
37.426582
52.709836
49.669084
20.404290
89.887500
50.771378
55.919903
44.592652
43.322222
22.583660
35.003774
56.010145
66.535374
66.455735
33.510569
37.617460
29.391516
35.856187
46.115658
50.036441
43.267391
56.023596
18.944262
53.738889
42.015480
61.155556
73.990959
71.323256
40.493082
39.491503
65.912088
33.797345
39.579932
22.724161
24.646167
42.618702
85.042857
19.854040
41.776271
56.070423
63.750997
30.541516
42.129787
37.750669
56.038462
54.559253
34.140351
39.855118
41.645183
39.293676
37.750669
57.739552
56.091781
25.618612
72.156349
64.609091
22.202827
21.382927
38.121841
36.366393
44.240067
40.872222
33.855556
20.669841
81.777612
67.350171
39.300000
15.388095
45.067568
46.089632
32.671429
78.200000
33.845455
41.539632
48.328571
46.643066
40.807895
67.844595
43.893662
98.473004
31.598052
26.257627
56.065398
42.867241
59.160345
56.099225
33.245055
49.166667
88.074164
48.342466
64.803369
43.729932
61.908621
44.581818
68.038321
67.814887
55.590157
31.514808
52.239701
38.566667
39.660811
94.674242
56.023392
49.090775
57.696885
55.094628
52.538889
42.739474
25.361628
56.073228
31.266901
59.678481
33.324593
23.716077
73.338095
50.526923
56.009241
32.237179
77.248601
31.635570
48.054152
41.178981
52.568567
34.641489
39.427358
22.389369
64.986260
43.232421
105.646403
44.858389
36.489535
38.177119
59.061111
56.053435
28.354225
78.619424
71.336842
67.646970
47.036424
39.883737
65.767972
53.673077
38.204240
56.021033
37.927119
49.643346
35.702427
37.499123
74.410656
51.526573
27.405611
44.064094
39.749123
56.067213
43.920664
77.913158
58.482353
39.868966
46.842701
55.866858
70.038235
30.437582
86.516160
54.631293
54.696334
51.374567
52.368817
37.723529
40.945098
25.814035
20.159464
32.456835
64.705654
73.565068
28.395390
16.901703
55.910284
26.519048
27.275862
63.862088
88.925177
74.524194
13.020553
47.275911
32.437288
32.737582
18.737948
16.509816
29.542531
49.202147
56.083051
57.451754
52.572727
40.521062
27.200669
83.196552
47.930769
18.446491
51.269632
56.026690
48.167808
42.266129
35.242857
33.241489
33.805556
33.305556
82.263158
38.323529
28.823129
47.050631
49.413768
56.026316
36.032432
43.804545
18.185209
48.867808
82.864286
62.296021
28.123186
29.117224
31.591275
66.374590
30.278134
57.164353
35.157987
54.164497
63.789623
56.016858
27.950000
61.464286
39.344203
43.225166
48.157430
118.530851
73.765254
62.076347
50.359073
113.788168
44.587066
34.877554
30.668874
47.775325
52.374567
65.978571
19.609677
51.510073
33.705296
39.140559
38.002941
32.457509
19.583779
88.971218
52.938525
36.390031
68.508911
55.483813
45.604152
63.807042
56.052708
75.334848
28.254950
39.855670
62.787201
31.741275
43.223077
67.875092
22.633333
86.844118
67.605735
61.408621
52.942336
34.241489
26.112590
35.794161
40.444268
48.067742
24.238889
24.371560
45.585496
52.834211
56.090780
56.003279
41.278395
56.016084
32.932353
52.130165
57.838095
33.283333
67.084979
68.209091
29.769863
69.138235
56.005594
34.894526
23.866077
17.724684
81.327104
33.547436
26.622064
56.415079
66.861446
56.092617
88.181955
56.038095
24.338889
55.142177
55.855263
28.111111
45.650000
34.650000
36.019178
34.824490
79.510101
28.070480
32.216181
52.053047
66.952471
52.727316
36.632432
55.021429
21.150643
70.116667
56.026316
33.082818
30.782051
54.614184
36.679787
47.304152
23.545045
17.474721
56.042857
27.900000
78.366798
41.124490
38.252875
35.101625
45.630070
56.716352
42.730627
17.067555
56.145283
56.050000
56.035374
27.376923
60.962040
46.986411
57.191606
80.941176
36.087705
78.415823
28.495390
34.406146
59.611263
56.019298
78.100000
40.857895
56.001223
34.740127
35.640351
71.283333
43.431949
56.002098
45.542058
19.730769
24.111290
29.819863
38.052875
42.660653
32.909016
38.987063
24.501639
74.885813
44.466667
41.717770
56.042088
39.018182
45.127211
24.192705
33.776332
56.027778
101.719549
49.016667
43.416129
54.564184
70.100000
57.314789
34.346980
28.094237
33.394526
30.148052
56.059420
50.578595
47.365517
56.005212
37.023129
27.044118
28.454950
79.139416
66.085593
56.059732
35.942308
52.761960
39.883688
22.964038
46.948069
53.669903
92.673529
82.676923
53.813253
70.540411
61.953113
22.328261
56.056522
63.566720
29.579268
33.144526
59.689683
46.666667
78.200000
