-0.319512
-0.581247
-0.833286
-1.037635
-1.194636
-1.376825
-1.559833
-1.618717
-1.771389
-1.818002
-2.030691
-2.149143
-2.268374
-2.486166
-2.687619
-2.809627
-2.991588
-3.163931
-3.329309
-3.537096
-3.643664
-3.899892
-3.951481
-4.177223
-4.337604
-4.474864
-4.597221
-4.433428
-4.646174
-4.870970
-4.965414
-5.057997
-5.108400
-5.230527
-5.377344
-5.419146
-5.526559
-5.539509
-5.643849
-5.797913
-5.992260
-6.022321
-6.086668
-6.170459
-6.239066
-6.356811
-6.434565
-6.610190
-6.719390
-6.814736
-6.814778
-6.933889
-6.991208
-7.123739
-7.218712
-7.512682
-7.505102
-7.658082
-7.664732
-7.508392
-7.605990
-7.636761
-7.682755
-7.699642
-7.699368
-7.867220
-7.978437
-8.054128
-8.166722
-8.272016
-8.420124
-8.427527
-8.524554
-8.579308
-8.857015
-9.148945
-9.235990
-9.423177
-9.747151
-9.828123
-9.794885
-9.845594
-9.759268
-9.851564
-9.895881
-9.869043
-9.899087
-9.964319
-10.061749
-10.087195
-10.217218
-10.330104
-10.269764
-10.365189
-10.614777
-10.649772
-10.597400
-10.603519
-10.669334
-10.609261
-10.618891
-10.678961
-10.709307
-10.686260
-10.620405
-10.674583
-10.637668
-10.673354
-10.743959
-10.756370
-10.826347
-10.884489
-10.942939
-11.016842
-11.003051
-11.015471
-11.011639
-11.043063
-11.031465
-10.961804
-10.782129
-10.786214
-10.774202
-10.786935
-10.767885
-10.794568
-10.862623
-10.784043
-10.760580
-10.797431
-10.816667
-10.853931
-10.818309
-10.632290
-10.672855
-10.669872
-10.678024
-10.701784
-10.632998
-10.704514
-10.684749
-10.630338
-10.605398
-10.443683
-10.471092
-10.545979
-10.527253
-10.545229
-10.565139
-10.530590
-10.550118
-10.545342
-10.543818
-10.533515
-10.342787
-10.379629
-10.296735
-10.277601
-10.236945
-10.323240
-10.402455
-10.340522
-10.325686
-10.383354
-10.351174
-10.297014
-10.106334
-10.097817
-10.025593
-10.016170
-9.987743
-10.084904
-10.186349
-10.265294
-10.302115
-10.275094
-10.277194
-10.234780
-10.229748
-10.246661
-10.234349
-10.198774
-10.148420
-10.166436
-10.183597
-10.227094
-10.304961
-10.310214
-10.161843
-10.164185
-10.095176
-10.079759
-10.135295
-10.150376
-10.119906
-10.198311
-10.233161
-10.234092
-10.281290
-10.266839
-10.245252
-10.199111
-10.185334
-10.177805
-10.133685
-10.311374
-10.328694
-10.377004
-10.438370
-10.313476
-10.356792
-10.361312
-10.339267
-10.310860
-10.233735
-10.188825
-10.167671
-10.120105
-10.051450
-10.062366
-10.146013
-10.180297
-10.102944
-10.138992
-10.103531
-9.959439
-9.975061
-9.976633
-9.945889
-9.912318
-9.809301
-9.814422
-9.807358
-9.705530
-9.741219
-9.741282
-9.688869
-9.772374
-9.751910
-9.717527
-9.664703
-9.627171
-9.619035
-9.579157
-9.551187
-9.456201
-9.285498
-9.294183
-9.339589
-9.295427
-9.189519
-9.085263
-9.023014
-9.019561
-8.929047
-9.018247
-9.018386
-9.008417
-8.898818
-8.974094
-8.950112
-8.754424
-8.778303
-8.793669
-8.784583
-8.854352
-8.857111
-8.793481
-8.767204
-8.727834
-8.701406
-8.528843
-8.407646
-8.520539
-8.541626
-8.488072
-8.446796
-8.461255
-8.476936
-8.466381
-8.560233
-8.583165
-8.539938
-8.471726
-8.576265
-8.543364
-8.638287
-8.630266
-8.616122
-8.636009
-8.649499
-8.695974
-8.655822
-8.693109
-8.678884
-8.721940
-8.702098
-8.685399
-8.735738
-8.725199
-8.608572
-8.534365
-8.488626
-8.584430
-8.677630
-8.727056
-8.764922
-8.773432
-8.638874
-8.600262
-8.595188
-8.576372
-8.576343
-8.505410
-8.538244
-8.539417
-8.488523
-8.439296
-8.508873
-8.603412
-8.607734
-8.527720
-8.547943
-8.519826
-8.481920
-8.527783
-8.558480
-8.594018
-8.557358
-8.650590
-8.682707
-8.607278
-8.639709
-8.604526
-8.582647
-8.625666
-8.587944
-8.589915
-8.444448
-8.427962
-8.476571
-8.570839
-8.508072
-8.425313
-8.520212
-8.518145
-8.442882
-8.539321
-8.608959
-8.609603
-8.604766
-8.592505
-8.546399
-8.551259
-8.524481
-8.482347
-8.472238
-8.405084
-8.500454
-8.407178
-8.336418
-8.353268
-8.259677
-8.207373
-8.305249
-8.206812
-8.236674
-8.333567
-8.429666
-8.465715
-8.561552
-8.596186
-8.575668
-8.489680
-8.425140
-8.246771
-8.215450
-8.313426
-8.410172
-8.351959
-8.373575
-8.372049
-8.323631
-8.291697
-8.303438
-8.399556
-8.382316
-8.199702
-8.246156
-8.253528
-8.351264
-8.371434
-8.454564
-8.275644
-8.255249
-8.334504
-8.296088
-8.245961
-8.211227
-8.310087
-8.239763
-8.316558
-8.351472
-8.262679
-8.258188
-8.319264
-8.307797
-8.404038
-8.303400
-8.400448
-8.359373
-8.259658
-8.221338
-8.121791
-8.104143
-8.083482
-8.094972
-8.048691
-7.984784
-7.949796
-8.051298
-8.149499
-7.968045
-7.975428
-8.058891
-8.126187
-8.075828
-7.804428
-7.814217
-7.842898
-7.988420
-8.088320
-8.159388
-8.152644
-8.224561
-8.319457
-8.416770
-8.385361
-8.398571
-8.365585
-8.460849
-8.555500
-8.586764
-8.599208
-8.636352
-8.639593
-8.559923
-8.635459
-8.650209
-8.646837
-8.741005
-8.714123
-8.792636
-8.829011
-8.889221
-8.939465
-8.973426
-9.024653
-9.005537
-9.184196
-9.211704
-9.201949
-9.290477
-9.202383
-9.279570
-9.294410
-9.323941
-9.451958
-9.428592
-9.398137
-9.300760
-9.388316
-9.472195
-9.544443
-9.534818
-9.562969
-9.647737
-9.732051
-9.725088
-9.722572
-9.829377
-9.910297
-9.990528
-10.050702
-10.042644
-10.106376
-10.127313
-10.121616
-10.084447
-10.069272
-10.009552
-10.025345
-9.791558
-9.896194
-9.978205
-9.945486
-9.864837
-9.845957
-9.944529
-9.949624
-10.011213
-10.021934
-10.129180
-10.131069
-10.160973
-10.101194
-10.179276
-10.256043
-10.314958
-10.337130
-10.308417
-10.384850
-10.390229
-10.357020
-10.361925
-10.414840
-10.387478
-10.333467
-10.341908
-10.378965
-10.385606
-10.372273
-10.447955
-10.468778
-10.459412
-10.426637
-10.501759
-10.572587
-10.582435
-10.657083
-10.687601
-10.761054
-10.790524
-10.818434
-10.858498
-10.828362
-10.893203
-10.954634
-10.901794
-10.895912
-10.824712
-10.796600
-10.869050
-10.815352
-10.813348
-10.689769
-10.737626
-10.820062
-10.814712
-10.734293
-10.599617
-10.563454
-10.569617
-10.644498
-10.597039
-10.568161
-10.626913
-10.699681
-10.733718
-10.678725
-10.682478
-10.662842
-10.707619
-10.778376
-10.807337
-10.732611
-10.775214
-10.808312
-10.880501
-10.881365
-10.789357
-10.843826
-10.857700
-10.912956
-10.525154
-10.606316
-10.680403
-10.731203
-10.802094
-10.832119
-10.890273
-10.871001
-10.911505
-10.928649
-11.066940
-11.068539
-11.062295
-11.132407
-11.201751
-11.227567
-11.232770
-11.302738
-11.257815
-11.338301
-11.273465
-11.340127
-11.345019
-11.452414
-11.319702
-11.338331
-11.338259
-11.404907
-11.453557
-11.480736
-11.525379
-11.588693
-11.651115
-11.636681
-11.689737
-11.720212
-11.704937
-11.757125
-11.727387
-11.723771
-11.785551
-11.845991
-11.889420
-12.017190
-12.046700
-11.967958
-12.039415
-12.079561
-12.145888
-12.139143
-12.155681
-12.231806
-12.221807
-12.332099
-12.376112
-12.263835
-12.274126
-12.254139
-12.211883
-12.269450
-12.305717
-12.313429
-12.291745
-12.347376
-12.373333
-12.392921
-12.408206
-12.455335
-12.508439
-12.492491
-12.475629
-12.489348
-12.486547
-12.540844
-12.611936
-12.657746
-12.686994
-12.739808
-12.875255
-12.926657
-12.977554
-13.019394
-12.970651
-13.056387
-13.044492
-13.080006
-13.076499
-13.041567
-13.006818
-13.068679
-13.029069
-13.030053
-13.014845
-12.738588
-12.759978
-12.824822
-12.945604
-13.043482
-13.165110
-12.906106
-12.953727
-13.062718
-13.153513
-13.236823
-13.246780
-13.242604
-13.270137
-13.250716
-13.275169
-13.265817
-13.304984
-13.351883
-13.310427
-13.356806
-13.265467
-13.317701
-13.298002
-13.321103
-13.329853
-13.376888
-13.194681
-13.208511
-13.127552
-13.175357
-13.160981
-13.137141
-13.186356
-13.187422
-13.290850
-13.321718
-13.374041
-13.352725
-13.431279
-13.480812
-13.428080
-13.399092
-13.515806
-13.532025
-13.614915
-13.648695
-13.666042
-13.699504
-13.694685
-13.722697
-13.764970
-13.814531
-13.745288
-13.684127
-13.655000
-13.692881
-13.742075
-13.785377
-13.779880
-13.764403
-13.719623
-13.718219
-13.794735
-13.795851
-13.821336
-13.564199
-13.268189
-13.363819
-13.308554
-13.157533
-13.094562
-12.969477
-12.953755
-13.094512
-13.201832
-13.207028
-13.212172
-13.260160
-13.301981
-13.337025
-13.292485
-13.372753
-13.326071
-13.386025
-13.384476
-13.431767
-13.476664
-13.486259
-13.585095
-13.552978
-13.552348
-13.771959
-13.876094
-13.912667
-13.909864
-13.951198
-14.060777
-14.071945
-14.060167
-13.982536
-14.014791
-14.032477
-14.048081
-14.080723
-14.266100
-14.334733
-14.372209
-14.425811
-14.410039
-14.474098
-14.522015
-14.572097
-14.594305
-14.628942
-14.853402
-14.854096
-14.753082
-14.763907
-14.831130
-14.867319
-14.883315
-14.884041
-14.897651
-15.091111
-15.203815
-15.241376
-15.272176
-15.334613
-15.469352
-15.547908
-15.574806
-15.675313
-15.633815
-15.582379
-15.609055
-15.631621
-15.589163
-15.637160
-15.659264
-15.719899
-15.743678
-15.818130
-15.839138
-15.848597
-15.838547
-15.924123
-15.986215
-15.937660
-16.012082
-16.014747
-16.046334
-16.070832
-16.089518
-16.045292
-16.027839
-16.014394
-16.033869
-16.099740
-16.120243
-16.157475
-16.066992
-16.033240
-16.553283
-16.564711
-16.609145
-16.614301
-16.830461
-16.808204
-16.714096
-16.727288
-16.739274
-16.716881
-16.804851
-16.691561
-16.622193
-16.770650
-16.783873
-16.782814
-16.807067
-16.765532
-16.710377
-16.780475
-16.825793
-16.815355
-16.879410
-16.893022
-16.909889
-16.902083
-16.894744
-16.846542
-16.834398
-16.865880
-16.812073
-16.842399
-16.751022
-16.785806
-16.797115
-16.878766
-16.902940
-16.822828
-16.821050
-16.762810
-16.783785
-16.901494
-16.913672
-16.750744
-16.788165
-16.836541
-16.859261
-16.869119
-17.016360
-17.051270
-17.022637
-17.016335
-16.633984
-16.590249
-16.591499
-16.522841
-16.568441
-16.515978
-16.273182
-16.242762
-16.260185
-16.259706
-16.212843
-16.110800
-16.186902
-16.166663
-16.236027
-16.188412
-16.152633
-16.154242
-16.152854
-16.171325
-16.191278
-16.221580
-16.320962
-16.404857
-16.505026
-16.483445
-16.481750
-16.490502
-16.619670
-16.554697
-16.569266
-16.521405
-16.555925
-16.637312
-16.641543
-16.722743
-16.752946
-16.778552
-16.676210
-16.674511
-16.709122
-16.673434
-16.729038
-16.772165
-16.734684
-16.722401
-16.720611
-16.806664
-16.882974
-16.885022
-16.988487
-16.998436
-17.059282
-17.107305
-17.196317
-17.229442
-17.312359
-17.398710
-17.437787
-17.445540
-17.435948
-17.399666
-17.648313
-17.715622
-17.836768
-17.915969
-17.954770
-17.903595
-17.954108
-18.021702
-18.020575
-18.020242
-17.953166
-17.982085
-18.078115
-18.103784
-18.141177
-18.094065
-18.154759
-18.157635
-18.171286
-18.153930
-18.237380
-18.215989
-18.221406
-18.299010
-18.199971
-18.211740
-18.260339
-18.242366
-18.289244
-18.189209
-18.252650
-18.199129
-18.196373
-18.195235
-18.239607
-18.322461
-18.351285
-18.401620
-18.326649
-18.342716
-18.230036
-18.233871
-18.254795
-18.215661
-18.227764
-18.304331
-18.263200
-18.350414
-18.435507
-18.445082
-18.413494
-18.387768
-18.420314
-18.389856
-18.339819
-18.295127
-18.371064
-18.398204
-18.440279
-18.301506
-18.336341
-18.373220
-18.369998
-18.339024
-18.374315
-18.390264
-18.420723
-18.517028
-18.623704
-18.566014
-18.623797
-18.773623
-18.855009
-18.827310
-18.823251
-18.821396
-18.847538
-18.939199
-18.907087
-18.966991
-18.766566
-18.741222
-18.755132
-18.829783
-18.783354
-18.775767
-18.839257
-18.761351
-18.712211
-18.770657
-18.475703
-18.579081
-18.557850
-18.725363
-18.835853
-18.855000
-18.935990
-19.038073
-19.050219
-19.041658
-19.062241
-19.111353
-19.227210
-19.335784
-19.388511
-19.372445
-19.402005
-19.415712
-19.618413
-19.664163
-19.647188
-19.631476
-19.635610
-19.632835
-19.345506
-19.397655
-19.418626
-19.402500
-19.386787
-19.650029
-19.656447
-19.753971
-19.758831
-19.741758
-19.749426
-19.799294
-19.990151
-19.985089
-19.991571
-20.036977
-19.945525
-19.926959
-19.982165
-19.977705
-19.988590
-20.188573
-20.161410
-20.239931
-20.311032
-20.358840
-20.335692
-20.508887
-20.395980
-20.388026
-20.295965
-20.158643
-20.192267
-20.174273
-20.212390
-20.286805
-20.280185
-20.226870
-20.216925
-20.238837
-20.265584
-20.308476
-20.253936
