-31.951246
-26.492929
-25.785185
-21.268182
-16.737726
-19.413576
-19.677645
-7.448178
-16.885906
-6.432677
-23.086937
-13.875926
-14.072222
-24.047541
-22.631488
-14.888376
-21.005732
-20.225884
-19.701742
-24.108065
-14.193907
-29.266422
-9.058812
-26.525610
-20.215337
-18.063636
-16.710526
11.782063
-25.708065
-27.125749
-14.315385
-14.223729
-10.098315
-17.321053
-19.912264
-9.557554
-16.160368
-6.821648
-15.973427
-21.050307
-25.232609
-8.998315
-12.457042
-14.465789
-13.031183
-18.013576
-14.132192
-23.996988
-17.530201
-16.254054
-6.818919
-18.725884
-12.665789
-20.244304
-16.621053
-36.615644
-6.754717
-22.803097
-8.323134
7.969291
-17.268182
-10.683086
-12.236207
-9.371429
-7.672222
-24.484615
-18.988835
-15.547541
-19.313559
-18.696091
-23.082822
-9.160432
-18.130201
-14.000000
-36.350000
-38.050000
-17.853420
-27.954698
-41.820635
-17.844304
-6.504373
-14.865789
-1.212963
-18.988835
-14.283333
-7.212030
-12.873427
-16.422318
-19.707348
-12.606338
-23.089439
-21.505891
-4.296047
-19.812264
-35.323964
-14.114286
-5.412651
-11.209225
-17.185052
-4.662044
-11.572222
-16.625884
-13.713559
-8.404651
-4.100719
-16.038199
-6.983086
-14.206338
-17.733871
-11.985052
-17.754054
-16.640523
-16.729439
-18.333333
-9.637726
-12.245053
-10.632192
-14.154054
-9.883333
-4.065343
7.005725
-11.190614
-9.585052
-12.047541
-8.881915
-13.436207
-17.600000
-3.004651
-8.437726
-14.445652
-12.721053
-14.543069
-7.291791
7.783673
-14.688835
-10.374561
-11.485052
-13.054075
-3.823134
-17.784615
-8.728014
-5.243633
-8.136364
5.566109
-13.184520
-17.959807
-8.673427
-12.324834
-12.536207
-7.110299
-12.483333
-10.072549
-10.392929
-9.513559
8.539370
-14.027039
-2.090230
-8.383333
-6.212030
-18.866422
-18.244704
-4.209225
-8.856849
-16.092475
-7.165385
-4.935211
8.770992
-9.254575
-2.875433
-9.083333
-7.173427
-19.703846
-20.229381
-18.080892
-13.947436
-7.600000
-10.485052
-6.035816
-9.731579
-11.921053
-9.015412
-6.676923
-5.163309
-11.950000
-11.882558
-14.533333
-18.013793
-10.830201
4.526860
-10.396091
-3.263309
-8.553420
-15.633333
-11.643399
-7.103390
-17.960403
-13.683333
-10.326230
-14.953943
-8.836207
-8.108065
-5.631183
-8.821429
-9.432432
-5.765789
-27.902542
-12.043399
-15.159726
-16.513636
2.051068
-14.645082
-10.808730
-8.156849
-7.498625
-2.598315
-5.742739
-8.073427
-5.411111
-3.254545
-11.143069
-18.427054
-13.574390
-2.445053
-13.707692
-6.592929
4.305725
-11.521713
-10.132192
-6.902318
-6.588762
0.389437
-10.321429
-9.108065
0.375472
-13.274390
-9.747541
-4.500000
-18.039394
-7.725926
-6.313576
-4.435211
-5.911484
-8.813559
-5.631183
-6.782192
-0.052632
7.614173
-10.154054
-13.834743
-4.923427
1.295349
1.236142
-2.860432
-8.677645
0.031818
-17.849020
-9.032192
-8.021429
1.951476
-16.426471
-6.575926
10.618750
-11.142308
-10.314935
-7.885052
-15.761538
-9.130201
-2.494118
-6.165789
-4.830201
-6.085052
8.554902
3.590909
-19.696988
-10.629268
-3.186232
-4.360432
-9.892739
-10.029268
-7.421478
-17.851613
-10.853420
-4.260432
-1.718750
-18.925610
-5.286232
-18.035593
-7.836207
-7.215886
-10.604817
-9.985052
-13.296988
-4.680769
-12.384483
-7.270588
-12.984520
-6.737726
-7.032192
-13.719279
-7.681915
2.937591
-1.187931
-3.960432
-18.069065
-17.904459
-13.620213
-12.513636
-9.615886
4.682353
-4.777645
-8.092929
-6.713559
-8.573427
-1.483086
-11.788835
-8.655556
-3.450000
-3.565789
-15.396988
-17.962776
-9.035640
-0.606338
-10.550000
-5.736207
-4.729268
-13.068182
-11.597541
-12.112264
-4.928014
-17.880576
-11.862264
-1.139855
-11.850307
-5.121429
-6.416667
-12.884520
-4.853420
-8.785052
5.956767
-6.795848
-13.288835
-17.903390
-2.294118
-0.232192
-17.915225
-8.313576
-0.991791
-18.086792
-15.503097
-8.673427
-8.125884
-7.378622
-3.981915
-9.032432
-5.873427
-4.311111
-7.471405
-1.756849
-17.942105
0.827165
-1.331183
-10.021429
1.005882
-3.029268
-17.995053
1.538516
-11.193069
-17.925926
-17.943478
-12.034615
-18.049369
-12.025000
-6.544304
0.023077
-2.035640
9.411702
-5.114676
-18.013043
-17.988040
-2.588835
-10.513559
-8.221019
-3.530201
-5.130201
-9.465789
-17.915225
-6.675623
9.879070
-12.845053
-8.983333
-18.027208
-10.368182
-16.684520
9.437500
-6.236207
-16.180699
-4.492929
-3.283333
-4.772549
-18.097297
-1.277645
-15.919279
-11.807937
0.527778
-7.813576
-14.365789
-7.172549
-17.931915
1.659804
-18.008185
-4.292929
1.612062
-4.427617
1.733333
-6.357018
-6.038040
-9.232432
-3.466904
-1.658029
-4.485906
-18.100000
-17.871429
9.995918
-8.706338
-16.321713
-14.788545
-3.090230
19.064103
-8.783333
-10.682258
-22.395070
-17.978495
-15.195070
-7.485052
-15.344304
-17.714174
-18.050704
-5.275926
-9.706338
-5.100000
-17.891986
-17.925926
-11.681915
-9.831183
-12.313559
-8.960432
-0.672581
-16.113576
-10.110450
-8.313043
-18.063636
-6.052817
-16.565337
-12.430201
-14.850000
-13.913576
-12.335640
-14.096091
-7.113043
-26.871429
-11.935052
-8.236207
-18.054676
-0.481132
-16.921053
-10.763559
-12.247541
-22.125610
-7.115412
-6.383086
0.339552
-18.056338
-17.776190
-16.696988
-8.581915
-12.350000
-18.039716
-18.079104
-9.035816
-9.473427
-20.403097
-17.921405
-17.933333
-16.007937
-9.244948
-16.415886
-12.200000
-9.557664
-6.404717
-8.566904
-4.097328
-11.588835
13.353414
-20.255172
-18.097297
-6.706338
-1.880534
-7.976923
-19.703097
-10.454054
-16.108517
-11.083333
-20.746491
-10.318100
-13.121429
-4.183086
-17.909446
-17.855932
-16.147541
-12.532192
-7.465789
-17.951724
-10.922789
-7.069277
-10.847541
-15.653420
-7.678622
-4.986364
-11.177645
-14.047541
-11.043069
-9.052318
-17.940523
-12.530201
-9.532192
-7.181915
-17.938889
-17.584520
-11.557348
-18.047292
-13.708861
-18.032877
-13.708065
-13.581507
-14.824834
-7.844948
-17.312460
-17.036306
-5.670588
-10.313576
-3.775926
-8.013559
-18.041611
-5.499262
-10.614935
1.544628
-15.475510
-18.981268
-10.285052
-2.772835
2.733333
-6.983333
-11.179747
-18.057678
-5.898625
-7.709225
-16.443399
-17.903704
-14.103390
-5.234342
-11.054054
-8.718919
-15.140523
-17.783333
-13.674497
-3.334661
-14.992929
-14.085052
-18.027208
-10.966904
-1.680534
-16.236306
-12.231183
-16.383333
27.867257
-18.641318
-18.015038
-15.760432
-17.820290
-13.804545
-16.647541
-8.963043
-14.921429
-12.625926
-24.757692
-11.226923
-10.444118
-18.073427
-18.066904
-13.783333
-11.747834
-18.229582
-6.810448
-19.306358
-4.854717
-17.939716
-11.829268
-22.084520
1.818750
-13.182558
-11.331183
-18.003030
-16.269930
-14.171405
-15.945053
-17.856849
-17.830888
-10.207664
-16.942308
-14.737179
-10.192739
-16.923729
-8.783333
-11.365789
-17.901779
-17.829577
-16.188835
-24.666422
-14.968182
-4.172581
-19.113576
-16.054054
-18.712264
-11.471429
-13.792929
-19.768182
-11.231915
-23.250993
-16.733333
-1.148413
-13.292929
-10.275433
-8.028571
-17.968627
-15.896091
-13.076923
-10.145053
-17.854817
-14.943069
-14.332192
-13.921429
-17.121053
-17.765789
-10.913559
-10.806338
-13.847541
-12.209225
-17.916263
-19.650000
-17.192929
-15.582558
-17.968421
-26.284520
-18.015412
-18.016418
-17.161538
-8.145053
-21.544304
-11.866904
-16.595848
-12.729268
-9.583333
-9.566667
-19.192929
-9.107664
-13.127465
-11.509225
14.610853
-14.877645
-19.244304
-24.903097
-22.733333
-25.206358
12.735338
-17.668182
-23.852819
-22.142308
-21.484520
-14.232432
-12.829268
-15.995848
-11.328014
-15.696091
-12.339927
-17.182558
-17.994810
-9.206338
-17.948315
-4.222925
-18.488835
-11.347834
-15.608065
-14.196104
-18.033333
4.843750
-14.577645
-5.112651
-17.908065
-11.737726
-10.776923
-18.058730
-13.292929
-23.530201
-16.377645
-18.554054
-11.242424
-21.208065
-18.384615
-8.207664
-10.529268
-25.070468
-15.137726
-21.821019
-16.992929
-15.383333
-17.012264
-13.217647
-16.495848
-17.950000
-18.721019
-6.890230
-7.629268
-10.771429
-17.443069
-18.612264
-18.072318
-13.235640
-12.232192
-9.286364
-13.579268
-21.369822
-13.906338
-16.344304
11.892308
16.036861
-22.831193
-7.837375
1.793590
-6.860432
-0.586059
-11.397338
-27.029439
-23.826471
-13.721429
-13.721429
-18.010949
-17.442308
-16.806338
-8.883086
-21.319279
-8.704545
-19.321429
-13.231183
-18.113576
-17.921429
-14.436207
-23.369822
-10.373427
-13.489927
-35.513505
-24.185460
-17.533333
-13.632432
-18.043260
-24.909036
-15.177645
-12.894118
-6.297059
-17.208065
-15.783333
-15.592929
-17.312264
-32.618380
-21.129439
-18.082329
-19.732432
-12.848625
-20.815886
-19.265789
-19.530201
-16.792929
-18.057983
-37.075000
-14.922789
-4.752632
-15.835640
-21.486207
-18.450000
-16.466904
-14.955948
-16.245053
-34.243643
-26.361538
-18.959854
-18.321429
-21.515886
-28.808451
-23.325000
-18.237726
-25.625510
-11.525439
-10.490230
-18.250000
-17.865672
-11.385849
-20.388835
-17.847518
-21.722789
-18.097842
-23.188835
-17.918919
-16.785052
-14.843633
-24.396091
-22.133333
-11.130769
-23.379817
-16.278622
-19.173427
-18.496091
-17.939437
-11.666904
-14.300000
-14.683333
-17.961905
-22.621019
-18.150000
-19.843399
-7.109225
-12.691791
-68.037536
-17.696091
-21.008065
-17.124834
-38.230233
-14.604817
-7.397328
-18.033333
-17.925884
-14.500000
-25.513836
-5.475926
-9.754717
-31.467868
-18.092929
-16.678014
-19.208065
-12.653659
-11.250000
-23.720213
-21.312264
-15.781915
-23.220940
-18.240523
-18.579747
-16.129268
-16.168182
-12.074561
-15.632192
-19.982558
-11.485211
-19.844704
-7.704651
-20.229439
-17.916667
-24.962264
-19.296091
-8.891791
-16.645053
-10.997059
-18.860299
-28.554636
-18.119279
-0.620863
-20.492929
-21.625749
-19.108517
-17.845070
-31.593243
-20.507348
-14.187931
-16.392424
21.218721
-12.260432
-16.715337
-9.725623
-21.082822
-11.322222
7.763636
-13.231183
-17.985052
-16.212264
-11.573427
-6.008487
-23.721019
-14.163043
-23.103097
-11.474497
-12.610450
-16.313559
-16.015412
-18.000000
-18.166667
-19.221429
-26.159819
-24.710465
-26.421713
-14.346953
-16.313919
-17.356918
-29.407348
-10.122414
-18.011594
-11.783086
-19.973427
-24.694595
-17.060432
-24.761538
-19.743069
-19.313559
-6.544326
-16.506338
-20.135640
-13.140230
-22.233871
-21.041791
-13.024060
-15.506338
-16.543399
-25.325884
-24.437726
-17.087726
-27.231579
-17.983333
-23.083086
-21.861538
-26.008517
-20.508861
-25.521053
-25.947541
-21.306338
-18.213149
-16.486364
-13.807664
-42.264384
-24.379268
-29.830201
-25.756849
-21.796091
-12.837266
-22.954849
-24.713559
-17.908955
-17.987324
-11.312651
-20.845053
-27.585052
-20.645053
-21.843069
-13.429923
-24.163559
-18.442308
-19.522789
-16.435640
-26.498932
-16.098315
-18.757664
-25.981818
-8.395057
-19.376923
-23.071605
-16.463043
-22.930201
-8.285714
-24.533333
-12.900558
-17.923529
-18.082558
-22.632432
-26.525000
-21.204817
-23.384848
-10.904494
-19.933333
-7.074713
-18.613576
-20.326230
-14.341450
-19.425884
-25.884520
-14.191219
-26.984615
-26.859726
-19.392929
-15.286364
-15.840909
-21.642308
-15.374497
-13.386207
-13.870588
-25.888835
-21.085052
-22.605732
-4.562963
-21.785052
-22.024242
-18.050993
-15.272549
-21.868182
-19.969204
-21.436156
-28.051258
-29.184615
-12.854717
-24.344304
-33.606358
-26.912264
-16.085052
-18.421429
-18.637726
-21.435640
-28.013636
-15.728014
-24.897436
1.075472
-16.232192
-20.132192
-26.220213
-14.186934
-18.024590
-25.124834
-11.048617
-13.847315
-24.556849
10.724793
-28.813576
-16.455948
-35.309164
-29.774390
-20.750467
-26.954075
-29.144304
-20.252632
-18.194118
-21.100000
-23.973427
-30.696988
-30.084615
-24.608517
-17.781915
-22.328402
-20.772789
-39.685809
-24.193399
-17.966667
-18.075926
-20.044948
-19.358025
9.100000
-24.560432
-21.494737
-17.806040
-17.831183
-45.710927
-20.291892
-29.408861
-20.239927
-18.051572
-20.508517
-24.736207
-38.885052
-19.483871
-20.633333
-24.532192
-10.891732
-18.088930
-25.447541
-19.536207
-21.066197
-39.986937
-17.472222
-28.013559
-27.350000
-25.091791
-18.044068
-37.655229
-9.218182
-19.600558
-11.181915
-6.563755
-23.521019
-18.392929
-23.985906
-27.653943
-19.624834
-14.948625
-19.232432
-22.408065
-22.913576
-24.554717
-14.854545
