-3.330448
-9.957073
-16.460490
-22.921067
-29.331633
-35.428065
-41.716060
-43.855353
-47.563773
-49.745702
-56.135614
-61.497517
-67.092728
-72.197276
-75.580649
-77.286927
-82.871115
-88.491163
-90.498171
-94.116802
-95.338416
-100.696196
-105.411379
-110.103534
-114.954327
-117.570056
-122.154461
-123.386253
-128.238197
-132.555012
-135.382651
-139.649062
-142.748507
-147.735128
-152.455399
-155.671363
-157.075312
-159.928903
-164.436314
-166.908803
-170.640262
-174.269795
-174.828590
-178.767462
-182.516100
-185.694574
-189.442204
-193.776890
-197.640866
-201.797215
-203.460872
-205.472102
-209.189451
-213.078709
-216.956238
-218.350853
-219.741892
-223.844502
-227.781475
-230.608818
-237.472041
-244.041905
-247.626865
-251.105882
-254.402194
-257.457479
-261.250293
-264.652478
-267.800293
-271.327824
-273.020073
-276.055534
-276.503952
-279.931484
-280.848169
-281.865688
-284.577992
-284.626500
-288.286585
-293.988579
-300.539078
-303.074055
-305.417722
-308.544933
-311.346595
-314.021249
-316.945806
-320.047113
-322.981920
-325.842453
-327.517955
-330.154661
-333.659075
-336.784767
-337.025103
-339.772852
-342.319429
-344.625625
-347.986713
-347.131970
-350.057909
-353.048706
-356.767050
-360.215627
-358.942392
-361.788794
-364.097062
-364.179134
-367.129440
-374.023860
-376.577027
-381.074662
-386.129825
-391.492892
-398.010638
-401.996482
-401.322312
-403.422629
-405.661347
-407.261106
-410.074472
-412.170874
-415.262787
-417.470634
-419.731247
-420.218176
-422.339709
-424.044319
-428.671450
-429.327156
-431.790411
-434.053421
-435.851304
-438.135547
-440.601854
-444.479731
-448.370284
-454.379230
-457.379856
-457.424442
-459.433516
-468.046664
-466.015386
-468.776618
-477.458777
-487.880331
-498.057472
-508.745771
-518.761762
-519.808247
-521.321442
-531.389274
-541.199960
-542.299401
-552.010265
-561.795299
-571.257805
-580.364672
-589.658769
-599.087695
-608.442612
-612.093083
-621.321467
-620.706025
-623.881909
-632.798019
-641.973856
-649.691372
-658.433213
-658.318547
-665.917180
-673.866067
-682.440121
-679.129834
-687.665459
-696.003090
-703.771582
-711.882802
-719.941606
-727.952716
-728.106554
-727.609258
-727.075856
-735.038431
-742.957150
-744.473165
-739.688675
-747.519976
-746.504686
-745.888026
-753.673750
-761.485547
-760.458025
-760.005375
-767.693457
-775.009811
-782.593047
-790.111378
-797.547804
-804.848188
-805.222287
-812.417376
-819.578916
-826.707451
-833.703535
-840.858025
-847.789379
-854.703582
-861.520183
-868.193237
-874.658846
-881.245591
-887.748203
-894.149072
-900.421064
-906.723784
-912.922281
-919.063891
-925.077798
-931.133950
-937.227710
-943.245677
-949.071171
-954.934305
-960.677891
-965.277219
-970.982245
-976.553245
-982.092348
-987.587385
-992.514328
-997.874899
-1003.218731
-1007.903525
-1013.214734
-1018.394062
-1023.460121
-1027.634611
-1032.651194
-1037.629318
-1042.513588
-1047.346403
-1052.161074
-1056.922618
-1061.668460
-1066.262302
-1070.772907
-1075.355718
-1079.967720
-1084.468742
-1088.810101
-1092.648592
-1097.002682
-1101.315931
-1104.993681
-1108.440476
-1112.636893
-1116.796239
-1120.041561
-1124.252910
-1128.303310
-1131.340589
-1135.354106
-1139.351215
-1143.236053
-1147.188308
-1151.011727
-1154.729551
-1158.445413
-1162.156261
-1165.813049
-1168.311781
-1171.210482
-1174.865847
-1178.385481
-1181.876988
-1185.302823
-1188.756725
-1192.137451
-1195.528791
-1198.508987
-1201.872431
-1205.098311
-1208.227016
-1211.504502
-1214.664819
-1217.026645
-1220.132241
-1223.228577
-1226.331840
-1229.346872
-1232.420873
-1235.288972
-1238.246427
-1241.128669
-1244.067227
-1246.868432
-1249.680570
-1252.525457
-1255.220060
-1257.390488
-1260.092445
-1262.736125
-1264.813799
-1266.764388
-1269.458446
-1272.127498
-1274.703882
-1277.184784
-1279.696213
-1282.192180
-1284.658393
-1287.077544
-1289.388925
-1291.815424
-1294.202825
-1296.594130
-1298.856259
-1301.235166
-1303.276442
-1305.517034
-1307.687216
-1309.985344
-1312.161353
-1314.308032
-1316.450666
-1318.466487
-1320.621445
-1322.706010
-1324.076073
-1326.174934
-1328.116084
-1330.221426
-1332.204926
-1334.182877
-1336.159933
-1338.114295
-1340.011502
-1341.821914
-1343.711653
-1345.594925
-1346.850840
-1348.573508
-1350.402842
-1351.653138
-1353.408130
-1355.053153
-1356.332811
-1358.150013
-1359.834248
-1361.592818
-1363.234841
-1364.857811
-1366.533558
-1368.168921
-1369.758065
-1371.358144
-1372.959631
-1374.440561
-1375.790643
-1377.280049
-1378.825430
-1380.265117
-1381.730758
-1382.606030
-1384.037920
-1385.471469
-1386.202613
-1386.782615
-1388.299405
-1389.722404
-1391.168930
-1392.592684
-1393.897526
-1395.231908
-1396.428525
-1397.747516
-1398.465693
-1399.716916
-1401.040136
-1402.283971
-1403.656036
-1404.948335
-1406.227711
-1407.393504
-1408.627527
-1409.793921
-1410.843268
-1411.957451
-1413.108709
-1414.164902
-1415.373902
-1416.570008
-1417.583995
-1418.649535
-1419.794346
-1420.889332
-1421.951272
-1423.078165
-1423.867653
-1424.912253
-1426.004824
-1427.078109
-1427.992513
-1428.984111
-1429.957428
-1430.971579
-1431.917182
-1432.382324
-1433.239996
-1434.200525
-1435.041399
-1435.896761
-1436.704460
-1437.600574
-1438.560116
-1439.465055
-1440.287487
-1441.118188
-1442.035866
-1441.948840
-1442.315066
-1442.136813
-1442.976009
-1443.904047
-1444.814852
-1445.523791
-1445.359151
-1446.172227
-1447.033085
-1447.971205
-1448.452066
-1449.347827
-1450.167064
-1450.969191
-1451.805293
-1451.843578
-1452.584402
-1453.319121
-1454.071644
-1454.102356
-1454.180861
-1454.894372
-1455.592740
-1456.291050
-1456.972744
-1457.515919
-1458.245396
-1458.987701
-1459.636954
-1459.804221
-1459.938573
-1460.664341
-1461.319443
-1462.006248
-1462.657709
-1463.269886
-1463.953148
-1464.552747
-1465.028099
-1465.621804
-1466.206965
-1466.357845
-1466.901814
-1467.476217
-1468.089590
-1468.752957
-1469.425183
-1470.014085
-1470.533275
-1471.044361
-1470.643776
-1471.342100
-1471.996149
-1472.531507
-1473.106192
-1472.992151
-1472.769692
-1473.261854
-1473.794969
-1474.437551
-1474.188158
-1473.902417
-1474.528472
-1475.051480
-1475.598624
-1476.109305
-1476.581788
-1477.023518
-1477.470364
-1477.894134
-1478.403219
-1477.932439
-1478.549667
-1478.142548
-1478.621686
-1479.033943
-1479.509338
-1480.094775
-1480.584368
-1481.147609
-1481.606967
-1482.381540
-1481.980664
-1482.446572
-1482.841437
-1482.514651
-1482.197979
-1482.687475
-1483.141422
-1483.573166
-1483.185710
-1483.673581
-1484.174194
-1484.643928
-1485.146023
-1485.587849
-1485.968334
-1486.357797
-1486.805695
-1487.244568
-1487.676758
-1487.100644
-1487.491383
-1487.897291
-1488.344559
-1488.419447
-1488.854138
-1489.326619
-1489.133714
-1489.609465
-1489.343508
-1489.772653
-1489.231091
-1489.676528
-1490.013213
-1490.410205
-1490.837313
-1491.193646
-1491.586345
-1491.892704
-1492.261913
-1492.030569
-1492.372256
-1492.799182
-1493.044744
-1493.531206
-1493.961889
-1494.300620
-1494.530842
-1494.752201
-1494.438012
-1494.797429
-1494.201515
-1494.537850
-1494.817564
-1495.209322
-1494.590562
-1494.898894
-1494.668766
-1495.012619
-1495.290292
-1495.912553
-1496.520094
-1497.085094
-1497.596315
-1498.182642
-1498.754080
-1498.600461
-1499.116236
-1499.590722
-1500.148955
-1500.394778
-1500.904719
-1500.302751
-1500.656637
-1501.161349
-1501.358368
-1500.786814
-1487.975218
-1476.214155
-1466.154216
-1455.958388
-1445.340043
-1435.601665
-1425.670527
-1414.552293
-1404.492574
-1393.259207
-1383.564448
-1374.546883
-1363.621099
-1354.610306
-1346.180266
-1336.468275
-1325.190309
-1316.357698
-1308.209926
-1297.094140
-1289.230524
-1285.998003
-1276.148417
-1268.485737
-1261.760428
-1254.684775
-1247.863995
-1240.536985
-1234.669688
-1229.382914
-1223.796906
-1218.324861
-1213.697053
-1207.987915
-1202.526106
-1195.335927
-1186.738652
-1181.479929
-1174.567620
-1169.912125
-1165.123907
-1160.312192
-1155.927826
-1150.882831
-1146.127717
-1140.896369
-1135.970652
-1131.381726
-1123.980770
-1119.617295
-1115.186106
-1107.853175
-1103.693193
-1099.338261
-1092.838428
-1088.454431
-1084.075656
-1080.077843
-1073.768612
-1069.832847
-1065.966341
-1061.946391
-1058.278243
-1054.403443
-1050.639544
-1047.425079
-1043.675303
-1039.938842
-1033.339768
-1030.004371
-1024.695256
-1020.615407
-1017.650816
-1014.565153
-1007.368602
-1001.046020
-997.848406
-994.112537
-990.833855
-987.458185
-982.990164
-978.834555
-975.863043
-972.499396
-969.589322
-966.367509
-963.406397
-960.211525
-952.848301
-946.233224
-942.218981
-938.760820
-935.623307
-933.283040
-926.722420
-924.003377
-923.028851
-920.192434
-917.319395
-914.668526
-912.324290
-910.049006
-907.697835
-904.877817
-901.741068
-899.114983
-895.087792
-892.729266
-887.122003
-881.100487
-878.762145
-876.565401
-874.520586
-872.602159
-867.256138
-864.671076
-862.816642
-860.328781
-858.316074
-856.063891
-850.752062
-847.837621
-845.923504
-843.487900
-841.587297
-838.240532
-837.383551
-835.272038
-833.315395
-831.344321
-828.455170
-826.641104
-824.784570
-823.631241
-822.317198
-820.976414
-819.673273
-815.505481
-814.522987
-813.002091
-811.954280
-809.551139
-807.725077
-805.467541
-802.860793
-801.262361
-796.077440
-795.405420
-794.041941
-792.893522
-791.884879
-790.687971
-789.284655
-787.947606
-783.140053
-778.105251
-775.118834
-771.498855
-767.904901
-766.584456
-761.681623
-758.326419
-757.534796
-756.717801
-755.757338
-755.315478
-750.249477
-749.228905
-748.584968
-746.368449
-745.419110
-744.609585
-743.766190
-742.982156
-741.930970
-741.368374
-740.860553
-740.633645
-739.657078
-738.869277
-736.489725
-736.239356
-735.061550
-734.719259
-732.995063
-731.802703
-731.359823
-729.091930
-727.822697
-726.718051
-725.444704
-725.033176
-724.822467
-720.526594
-720.314123
-717.780483
-717.631219
-717.610893
-717.221443
-715.746474
-715.425311
-715.601988
-711.112312
-707.741189
-707.552492
-706.840899
-706.820244
-702.833973
-702.869633
-703.041606
-699.009773
-699.009962
-694.997649
-695.786519
-693.266727
-691.850774
-690.945925
-687.225691
-687.521184
-687.728850
-687.834316
-685.457868
-685.256377
-685.038480
-680.813185
-676.513147
-676.711042
-673.960250
-674.011362
-670.111572
-670.317845
-666.373396
-666.918013
-666.525769
-666.290899
-666.474577
-666.637678
-666.837518
-667.397093
-667.351857
-667.574726
-663.926626
-663.865029
-664.246379
-664.060748
-661.332610
-661.733494
-662.183159
-662.909262
-663.612261
-663.760243
-662.246655
-662.497150
-663.227501
-663.375974
-661.411191
-661.943405
-662.218444
-658.353259
-658.634486
-659.274141
-656.011091
-656.363240
-656.347419
-653.711833
-654.244644
-654.872517
-654.796114
-650.781690
-650.975159
-649.995109
-650.298334
-648.935670
-649.572023
-648.795708
-649.435194
-647.769134
-648.577625
-647.413006
-647.999698
-648.171027
-647.649880
-648.419328
-648.817662
-646.854280
-643.819959
-644.422382
-645.162546
-645.763025
-646.352345
-646.544293
-647.192953
-644.532758
-642.716471
-639.311400
-640.327215
-641.362201
-642.454664
-639.336300
-640.129343
-640.828123
-641.640738
-650.466755
-657.724645
-666.392002
-675.053236
-683.590960
-692.110878
-700.374955
-708.575751
-716.737305
-724.813918
-732.873955
-740.810950
-748.148228
-755.997956
-763.640875
-771.384997
-778.966449
-786.469389
-793.892831
-801.237056
-808.170140
-815.388439
-822.552736
-829.481288
-836.634149
-843.625606
-850.436662
-857.163064
-863.899610
-870.557738
-877.128023
-883.559641
-890.017725
-896.383282
-902.034314
-908.186633
-914.458613
-920.587954
-926.670210
-932.587905
-938.487378
-944.341259
-949.978306
-955.833362
-961.491446
-966.974276
-972.565096
-978.179379
-983.690190
-989.095165
-994.229485
-999.269646
-1004.547783
-1009.721636
-1014.978266
-1020.197568
-1025.362681
-1030.385370
-1035.392992
-1040.264414
-1045.377341
-1050.123567
-1054.855908
-1059.588171
-1064.260582
-1068.913278
-1073.504967
-1078.085879
-1081.769439
-1086.282849
-1090.708156
-1094.084656
-1097.418458
-1101.560739
-1105.803082
-1110.023402
-1114.145783
-1118.278252
-1122.284659
-1126.349948
-1130.381320
-1134.363221
-1138.258343
-1141.630208
-1145.427389
-1149.206692
-1153.118034
-1156.978489
-1160.639473
-1164.415795
-1168.010767
-1171.625961
-1175.052559
-1178.603621
-1182.036915
-1184.488605
-1187.946044
-1191.357125
-1194.756053
-1198.110818
-1201.296377
-1204.047458
-1207.308571
-1209.779546
-1212.953274
-1216.168004
-1218.110413
-1221.254067
-1224.391372
-1226.785451
-1229.871443
-1232.934430
-1235.898015
-1238.775399
-1241.224009
-1244.138692
-1246.992607
-1249.833025
-1252.562636
-1255.357398
-1258.047811
-1260.798543
-1263.042409
-1265.690336
-1268.397069
-1270.554157
-1273.129662
-1275.749014
-1277.988064
-1280.263558
-1282.674759
-1285.232627
-1287.587848
-1290.015767
-1292.537574
-1294.951821
-1297.246289
-1299.559541
-1301.805822
-1304.061121
