-333.044840
-665.992929
-660.298765
-662.518182
-663.977617
-638.974834
-664.227645
-255.645344
-414.697315
-265.756693
-688.736937
-592.325926
-621.018519
-577.547541
-410.534602
-246.208487
-635.705732
-644.875884
-289.191986
-452.361290
-216.278136
-631.116422
-572.214559
-574.626829
-595.182822
-376.527273
-576.010526
-245.333632
-608.580645
-559.919760
-415.318881
-562.023729
-449.593633
-641.410526
-619.762264
-474.051799
-296.066221
-442.434483
-610.669930
-411.685276
-540.054658
-533.593633
-230.149296
-568.715789
-553.631183
-500.363576
-560.457534
-622.910843
-580.174497
-613.275676
-368.162934
-404.583923
-577.207018
-598.115190
-600.831579
-356.417791
-357.454717
-630.002950
-617.541791
-510.515748
-916.931169
-894.458364
-602.537931
-595.528571
-580.737037
-559.930769
-636.738835
-601.468852
-579.433898
-620.553420
-440.552761
-576.566187
-320.897315
-619.257143
-371.600000
-382.600000
-553.096091
-289.428859
-650.634921
-858.486076
-949.038403
-554.036842
-537.440741
-618.138835
-588.711111
-578.812030
-606.476923
-627.076471
-613.527796
-609.035211
-493.392739
-591.188520
-680.596047
-646.228302
-360.818343
-611.800000
-594.430522
-572.939114
-680.734364
-262.512409
-639.725926
-649.137621
-724.883051
-701.624806
-232.892086
-643.582609
-592.615613
-372.304225
-659.209677
-1056.571478
-629.340541
-826.340523
-886.590966
-922.436508
-1043.267509
-796.595053
-334.579452
-611.354054
-627.294444
-565.637184
-688.597710
-619.714676
-721.362199
-636.047541
-643.531915
-468.424138
-632.371429
-592.800775
-886.757401
-494.242029
-675.652632
-658.091419
-613.841791
-664.275510
-684.766343
-828.389474
-833.535052
-1049.264890
-754.441791
-461.838462
-658.331915
-1320.748315
-264.918881
-742.138494
-1336.992570
-1519.614148
-1505.594406
-1566.887417
-1510.344828
-623.410299
-671.127778
-1528.104575
-1512.457912
-651.144068
-1513.385827
-1530.513595
-1508.045977
-1481.944444
-1509.774436
-1532.551320
-1534.579439
-973.489668
-1534.931507
-559.777258
-938.294406
-1515.492958
-1550.381679
-1413.725490
-1523.875433
-646.966667
-1418.181818
-1460.805861
-1531.271478
-351.411465
-1532.692308
-1521.428571
-1472.852234
-1514.893617
-1517.763158
-1521.052632
-743.336559
-678.376923
-674.269065
-1523.333333
-1526.910299
-894.558730
-266.024138
-1522.818792
-645.990909
-684.838762
-1524.460432
-1534.853420
-658.733333
-715.193069
-1528.813559
-1499.328859
-1533.333333
-1534.426230
-1533.753943
-1527.586207
-842.258065
-1524.731183
-1528.571429
-1532.432432
-1526.315789
-1549.152542
-1533.993399
-1539.209726
-1536.363636
-1528.825623
-1514.754098
-1533.333333
-1531.506849
-1527.835052
-1521.348315
-1530.693069
-1526.573427
-1527.083333
-1520.454545
-1530.693069
-1540.509915
-1539.024390
-1525.795053
-1535.384615
-1529.292929
-1420.610687
-1535.779817
-1528.082192
-1530.463576
-1531.596091
-1480.281690
-1528.571429
-1532.258065
-1471.698113
-1539.024390
-1531.147541
-1525.000000
-1440.909091
-1529.292929
-1530.463576
-1526.056338
-1525.795053
-1528.813559
-1528.315412
-1531.506849
-1521.052632
-1517.322835
-1529.054054
-1536.555891
-1530.069930
-1518.604651
-1472.659176
-1528.057554
-1528.327645
-1469.090909
-1449.673203
-1528.082192
-1528.571429
-1441.328413
-1541.176471
-1529.292929
-1432.031250
-1532.692308
-1535.064935
-1527.835052
-1538.461538
-1529.530201
-1522.794118
-1526.315789
-1529.530201
-1527.835052
-1415.686275
-1458.181818
-1536.746988
-1526.829268
-1527.536232
-1524.460432
-1530.693069
-1526.829268
-1531.271478
-1493.548387
-1534.853420
-1524.460432
-1517.968750
-1535.975610
-1527.536232
-1450.847458
-1527.586207
-1529.765886
-1533.554817
-1527.835052
-1536.746988
-1519.230769
-1531.034483
-1526.470588
-1534.984520
-1524.187726
-1528.082192
-1534.169279
-1521.985816
-1472.262774
-1527.586207
-1524.460432
-1470.503597
-1459.872611
-1536.170213
-1536.363636
-1529.765886
-1522.794118
-1528.327645
-1529.292929
-1528.813559
-1526.573427
-1518.215613
-1532.038835
-1530.555556
-1533.333333
-1522.807018
-1536.746988
-1505.362776
-1527.335640
-1522.535211
-1537.500000
-1527.586207
-1526.829268
-1528.571429
-1518.032787
-1533.962264
-1529.078014
-1459.712230
-1533.962264
-1520.289855
-1538.650307
-1528.571429
-1530.000000
-1531.888545
-1531.596091
-1527.835052
-1521.052632
-1530.795848
-1532.038835
-1471.186441
-1519.117647
-1531.506849
-1475.432526
-1527.152318
-1517.910448
-1483.018868
-1538.053097
-1526.573427
-1535.691318
-1525.795053
-1525.531915
-1532.432432
-1530.069930
-1527.083333
-1529.765886
-1531.506849
-1521.052632
-1509.448819
-1524.731183
-1531.818182
-1522.794118
-1526.829268
-1469.257951
-1525.795053
-1527.392739
-1458.585859
-1444.202899
-1538.461538
-1530.599369
-1534.375000
-1533.544304
-1523.076923
-1527.335640
-1514.893617
-1528.327645
-1469.565217
-1523.588040
-1532.038835
-1525.423729
-1539.490446
-1532.885906
-1532.885906
-1522.807018
-1530.795848
-1525.266904
-1514.728682
-1522.261484
-1527.083333
-1518.727915
-1535.064935
-1534.984520
-1517.968750
-1524.137931
-1533.130699
-1529.292929
-1527.083333
-1534.640523
-1502.027027
-1528.327645
-1534.169279
-1533.333333
-1518.518519
-1527.152318
-1526.315789
-1531.372549
-1525.531915
-1478.431373
-1518.149466
-1529.292929
-1518.287938
-1520.577617
-1516.666667
-1526.315789
-1533.554817
-1529.054054
-1521.708185
-1523.357664
-1532.885906
-1433.333333
-1478.571429
-1424.489796
-1526.056338
-1535.779817
-1534.984520
-1515.708812
-1429.059829
-1526.666667
-1532.258065
-1540.845070
-1496.057348
-1538.028169
-1531.271478
-1530.379747
-1534.579439
-1455.633803
-1525.925926
-1526.056338
-1528.571429
-1457.142857
-1461.952862
-1525.531915
-1524.731183
-1525.423729
-1524.460432
-1511.290323
-1530.463576
-1532.475884
-1523.913043
-1476.363636
-1473.239437
-1532.515337
-1526.174497
-1530.000000
-1527.152318
-1523.875433
-1531.596091
-1523.913043
-1512.087912
-1524.398625
-1524.137931
-1481.294964
-1520.754717
-1524.342105
-1528.813559
-1534.426230
-1535.975610
-1528.315412
-1521.933086
-1521.641791
-1430.985915
-1540.476190
-1536.746988
-1525.531915
-1530.000000
-1461.702128
-1450.746269
-1521.985816
-1526.573427
-1538.053097
-1449.498328
-1445.614035
-1536.507937
-1526.829268
-1529.765886
-1526.666667
-1523.357664
-1520.754717
-1521.708185
-1519.847328
-1528.802589
-1431.325301
-1539.655172
-1437.837838
-1526.056338
-1519.847328
-1526.573427
-1538.053097
-1529.054054
-1536.908517
-1527.083333
-1559.064327
-1442.293907
-1528.571429
-1521.933086
-1450.162866
-1450.847458
-1531.147541
-1528.082192
-1526.315789
-1444.827586
-1531.972789
-1533.734940
-1531.147541
-1534.853420
-1529.328622
-1523.636364
-1524.914676
-1531.147541
-1530.693069
-1530.463576
-1430.065359
-1526.174497
-1528.082192
-1532.624113
-1495.833333
-1531.888545
-1536.102236
-1470.036101
-1536.708861
-1463.013699
-1532.258065
-1435.616438
-1533.774834
-1523.344948
-1529.712460
-1533.121019
-1526.470588
-1530.463576
-1522.222222
-1528.813559
-1469.127517
-1526.199262
-1535.064935
-1517.355372
-1541.690962
-1536.599424
-1527.835052
-1517.322835
-1516.666667
-1463.333333
-1530.379747
-1435.205993
-1527.835052
-1522.509225
-1533.993399
-1433.333333
-1525.423729
-1471.886121
-1529.054054
-1522.779923
-1557.516340
-1556.666667
-1553.020134
-1548.207171
-1556.228956
-1555.326460
-1483.392226
-1550.177936
-1546.564885
-1555.414013
-1524.731183
-1551.388889
-1440.707965
-1535.691318
-1551.127820
-1520.863309
-1444.202899
-219.627273
-311.868852
-470.220290
-446.571429
-394.123906
-471.502198
-442.487912
-313.847059
-408.580420
-281.155872
-423.783333
-481.807942
-281.968489
-462.541791
-511.606358
-374.981132
-208.671631
-441.929268
-501.580495
-196.631250
-510.732558
-965.978495
-301.039394
-509.880420
-595.954849
-554.195053
-572.606849
-515.162934
-653.807299
-705.992308
-670.782051
-676.592409
-755.544068
-642.783333
-661.807018
-483.508185
-335.608451
-660.866343
-490.248974
-709.018182
-691.090323
-683.952318
-721.875676
-651.428302
-675.371429
-622.992929
-648.324675
-677.078014
-391.286093
-687.633333
-676.498413
-381.892929
-691.855017
-668.200000
-449.354902
-654.438762
-650.576923
-684.294346
-449.154817
-680.192079
-683.182192
-663.971429
-695.131579
-670.798246
-678.013559
-729.192958
-672.447541
-670.029151
-380.031488
-699.800000
-499.092929
-616.710299
-724.156347
-709.084520
-294.910036
-375.110448
-681.284615
-624.261484
-666.244304
-653.266904
-540.656055
-567.429268
-681.683333
-639.498413
-681.491919
-647.408029
-670.256338
-643.919188
-223.889147
-291.340614
-544.808861
-596.402950
-625.009524
-701.596532
-277.221053
-654.818182
-826.550742
-639.387179
-632.888545
-652.232432
-680.244948
-684.795848
-674.931915
-625.696091
-591.202930
-639.132558
-496.395848
-659.235211
-332.002996
-284.970356
-647.266343
-659.087726
-672.083871
-682.677922
-338.000000
-608.750000
-679.227645
-614.030522
-659.058065
-633.097834
-324.880952
-559.307937
-656.425926
-602.363087
-653.427645
-506.910811
-752.542424
-626.232258
-639.607692
-636.208029
-542.429268
-647.048538
-640.987726
-709.451592
-692.226936
-688.238889
-690.662264
-402.894118
-717.256055
-662.433333
-708.221019
-571.640230
-626.944948
-581.971429
-544.792739
-643.017610
-282.770242
-728.875433
-659.057534
-679.200000
-692.029268
-672.194083
-650.356338
-655.579747
-307.192308
-279.659854
-479.463609
-413.120930
-412.103419
-635.860432
-276.301115
-426.161217
-679.164174
-675.835294
-660.671429
-711.571429
-248.715328
-648.192308
-684.835211
-526.933086
-651.434483
-664.466667
-660.270068
-665.362724
-637.863576
-685.671429
-690.586207
-718.169822
-642.976923
-660.876923
-500.914148
-711.452819
-618.458730
-700.832432
-562.299687
-613.759036
-687.514676
-504.570588
-602.168627
-617.358065
-599.383333
-684.291919
-703.962264
-295.235202
-699.279439
-466.950201
-702.854054
-715.598625
-678.665886
-569.724561
-683.630201
-733.092929
-266.634454
-374.000000
-688.871429
-636.393233
-704.775433
-308.193103
-706.400000
-720.066904
-299.858364
-699.028622
-297.778694
-773.884615
-443.807299
-551.671429
-601.365886
-318.922535
-716.775000
-708.287726
-698.275510
-450.189474
-665.308812
-663.466667
-262.508955
-250.809434
-696.302589
-401.631915
-679.071429
-284.032374
-690.738835
-275.872973
-720.835052
-627.693633
-643.038762
-684.658730
-682.784615
-686.621713
-722.795053
-662.873427
-689.638762
-302.764789
-657.766904
-702.000000
-645.683333
-391.246939
-701.421019
-706.700000
-734.793399
-733.209225
-678.410448
-512.401433
-687.296091
-735.532258
-678.074834
-466.897674
-714.632558
-689.447328
-275.700000
-686.475884
-722.600000
-332.969182
-691.225926
-654.781132
-392.788889
-706.992929
-717.031915
-647.232258
-253.353659
-670.128571
-552.970213
-680.317610
-514.031915
-712.570940
-571.940523
-712.744304
-482.829268
-728.618182
-532.115789
-706.082192
-665.132558
-596.056338
-724.594704
-688.252713
-452.479439
-343.422222
-704.062264
-718.438762
-705.210448
-704.695053
-665.547059
-711.410299
-381.173510
-462.904075
-302.209353
-740.892929
-743.825749
-750.608517
-330.618310
-718.640541
-710.007348
-722.089655
-1524.242424
-1376.255708
-1524.460432
-1532.515337
-1528.825623
-1535.582822
-1518.518519
-1520.454545
-1524.731183
-1524.398625
-1530.817610
-1526.573427
-1474.538745
-1533.121019
-1520.289855
-1538.053097
-1529.530201
-1529.260450
-1528.813559
-1528.315412
-1494.545455
-1530.000000
-1531.818182
-1515.407855
-1544.767442
-1535.779817
-1524.731183
-1523.076923
-1530.817610
-1529.712460
-1527.586207
-1520.289855
-1529.368030
-1526.573427
-1461.486486
-1517.266187
-1535.384615
-1527.392739
-1528.813559
-1518.439716
-1522.535211
-1523.875433
-1508.045977
-1535.483871
-1521.641791
-1509.774436
-1526.056338
-1533.993399
-1529.260450
-1524.187726
-1502.527076
-1498.245614
-1527.083333
-1521.933086
-1535.384615
-1536.908517
-1536.708861
-1527.631579
-1531.147541
-1522.535211
-1551.557093
-1520.000000
-1523.357664
-1528.082192
-1526.829268
-1529.530201
-1528.082192
-1531.596091
-1446.441948
-1533.110368
-1528.813559
-1428.358209
-1427.464789
-1511.646586
-1525.795053
-1527.835052
-1522.261484
-1527.392739
-1518.918919
-1528.813559
-1529.487179
-1528.571429
-1523.875433
-1475.444840
-1521.348315
-1523.357664
-1540.340909
-1539.163498
-1523.076923
-1538.271605
-1523.913043
-1529.530201
-1514.285714
-1530.158730
-1521.933086
-1427.205882
-1530.232558
-1529.054054
-1531.250000
-1530.232558
-1516.666667
-1476.404494
-1530.158730
-1454.406130
-1527.152318
-1534.426230
-1410.408922
-1532.475884
-1534.984520
-1463.799283
-1535.384615
-1536.170213
-1529.292929
-1523.636364
-1483.636364
-1532.692308
-1529.530201
-1531.034483
-1522.794118
-1532.038835
-1524.398625
-1533.121019
-1485.185185
-1527.835052
-1536.363636
-1484.105960
-1528.104575
-1535.064935
-1499.653979
-1505.537459
-1521.383648
-1538.461538
-1520.754717
-1530.379747
-1542.196532
-1533.962264
-1524.398625
-1528.571429
-1524.187726
-1527.335640
