-0.077954
-0.084804
-0.068542
-0.030149
0.103770
0.163471
0.222873
0.388017
0.204707
0.298192
0.231130
0.061189
0.138559
-0.008458
-0.187546
-0.243769
-0.146471
-0.169272
-0.051990
-0.301857
-0.293443
0.071606
-0.119282
-0.314163
-0.262098
-0.071704
-0.214829
-0.029907
-0.210027
-0.109484
-0.288774
-0.318598
-0.495521
-0.410250
-0.440628
-0.495510
-0.290772
-0.325979
-0.349964
-0.479541
-0.538131
-0.547671
-0.318279
-0.209394
0.226495
0.302469
0.320376
0.294323
0.404621
0.250615
0.249700
0.462172
0.476577
0.310976
0.288234
0.411524
0.325295
0.257029
0.061466
0.080793
0.164933
-0.016620
-0.084074
-0.179591
-0.069462
-0.248382
-0.501237
-0.675700
-0.513977
-0.482251
-0.578354
-0.237675
-0.242456
-0.182746
-0.235418
-0.184064
-0.303564
-0.182616
-0.043853
-0.223668
-0.327726
-0.379308
-0.339922
-0.339486
-0.469091
-0.109332
-0.085089
-0.046023
-0.091972
0.010772
0.140700
0.088811
0.452540
0.530426
0.567737
0.453489
1.004094
1.032057
0.842472
0.938518
0.749466
0.613058
0.867580
0.977742
1.091619
1.144485
1.115764
0.997007
1.256715
1.122247
1.146430
1.170083
1.149798
0.993015
1.037494
1.035969
0.990836
1.063698
1.099394
0.968512
1.074674
1.198002
1.514172
1.548112
1.638663
1.853483
1.893853
1.998791
1.772611
1.686704
1.490732
1.555857
1.538306
1.841882
1.912625
1.919025
1.924749
1.814981
1.778839
1.865435
1.765508
1.630525
1.400905
1.452442
1.302912
1.381735
1.300137
1.107825
1.134574
1.127564
0.937066
1.008493
1.098788
0.907885
1.156247
1.097377
1.186231
1.229924
1.381564
1.340829
1.209100
1.397515
1.378177
1.393346
1.388168
1.437646
1.455116
1.595441
1.613130
1.413332
1.549035
1.496605
1.574281
1.699940
1.567902
1.639937
1.782095
2.003532
1.976076
1.997131
1.894190
1.976829
1.817927
1.620415
1.546214
1.539974
1.357212
1.260382
1.316179
1.348103
1.269604
1.342361
1.271152
1.078467
1.120868
0.988730
1.066057
1.170413
1.207486
1.015274
0.971669
0.738429
0.743681
0.821555
0.634515
0.497161
0.453716
0.431211
0.503944
0.412277
0.607818
0.547954
0.568426
0.711570
0.525440
0.622715
0.552138
0.539617
0.638008
0.591175
0.368378
0.583413
0.598593
0.413069
0.228979
0.337200
0.300896
0.390585
0.349530
0.481341
0.468218
0.411117
0.412055
0.391349
0.265338
0.225341
0.452587
0.791258
0.605036
0.814264
0.903811
0.987158
0.798066
1.037562
1.148652
1.158324
1.362182
1.265762
1.269911
1.603908
1.491543
1.784677
2.035427
1.942221
1.894844
2.050733
2.018705
2.019113
2.006525
1.971195
1.953034
1.901003
1.664519
1.733452
1.737667
1.514060
1.319375
1.263299
1.299070
1.240492
1.396458
1.450003
1.455276
1.262290
1.537620
1.215367
1.186925
1.165582
1.089515
0.974677
1.104785
1.132750
1.422559
1.390334
1.344808
1.430947
1.527112
1.706427
1.509367
1.493667
1.711965
1.493514
1.643733
1.671451
1.892766
1.694154
1.584239
1.389342
1.197189
1.444359
1.408389
1.342099
1.592246
1.681036
1.687808
1.751777
1.681880
1.764065
1.881718
1.646679
1.595073
1.535893
1.570289
2.237876
2.247035
2.122453
1.921896
1.936878
1.980937
1.854494
1.780674
1.765557
1.629402
1.610504
1.712204
1.564790
1.569937
1.419310
1.378844
1.344354
1.316429
1.384816
1.526814
1.318236
1.433221
1.449946
1.361912
1.483578
1.444682
1.468073
1.402242
1.207406
1.594890
1.598421
1.758458
1.547886
1.615169
1.817262
1.743067
1.621077
1.591101
1.555876
1.742310
1.880711
1.993135
2.028481
1.956148
2.059792
2.425983
2.519424
2.462626
2.392643
2.485363
2.560628
2.504872
2.301509
2.327020
2.689831
2.628519
2.361003
2.214396
2.187502
2.241665
2.379326
2.468359
2.670420
3.060569
3.130746
3.042274
3.028926
2.970603
3.130451
3.086160
3.182439
3.301080
3.372192
3.572103
3.675220
3.745824
3.657922
3.733535
3.493648
3.360889
3.458843
3.608427
3.614004
3.521054
3.457454
3.538795
3.467961
3.429449
3.266742
3.291043
3.256966
3.221797
3.339982
3.271520
3.150532
3.212968
3.185861
3.119033
3.097037
3.204690
3.463246
3.567868
3.476247
3.502323
3.446369
3.364836
3.353144
3.431020
3.500424
3.370134
3.490968
3.412679
3.436609
3.720956
3.698067
3.608253
3.596009
3.591739
3.695902
3.779993
3.846157
3.829942
3.875864
4.048330
3.866551
3.795921
3.795890
3.734520
3.825245
3.714752
3.691950
3.717403
4.194010
4.283409
3.967313
4.291190
4.470524
4.449410
4.546930
4.362908
4.270736
4.177195
4.318287
4.417931
4.194912
4.103745
3.934460
3.974716
4.088279
3.981637
3.974971
3.886538
3.993647
3.828596
3.610627
3.565759
3.550649
3.523964
3.497527
3.588171
3.522253
3.391257
3.549845
3.334261
3.278299
3.222548
3.300938
3.289411
3.389189
3.221762
3.199267
3.287393
3.212467
3.188675
3.393249
3.469646
3.372973
3.346583
3.242454
3.388136
3.117082
3.013668
3.049679
3.315037
3.148687
2.937186
3.000503
2.791593
2.890621
2.859791
2.695170
2.503841
3.090544
3.234531
3.288372
3.327505
3.457168
3.549324
3.598693
3.717965
3.586490
3.685223
3.364971
3.297185
3.084213
3.006408
2.853926
2.907440
3.116293
3.203685
3.184548
3.219675
3.110893
3.057951
2.824928
2.791821
2.843313
2.705981
2.745613
2.734705
2.830064
2.865627
2.650030
2.547661
2.603808
2.701182
2.440309
2.256888
2.202802
2.310257
2.203959
2.204627
2.270482
2.166322
2.034206
2.059914
2.387496
2.413216
2.305251
2.308800
2.214744
2.155374
2.037725
2.237910
2.483531
2.235772
2.262612
2.335459
2.475815
2.404494
2.528616
2.587957
2.753166
2.654365
2.511599
2.487183
2.505880
2.769180
2.691266
2.648276
2.502627
2.968047
2.798101
2.774436
3.467850
3.383063
3.627050
3.730723
3.635270
3.824299
3.928596
3.793590
3.819085
3.714365
3.646976
4.010250
4.049092
4.038708
4.041790
4.042753
3.986039
3.912037
3.901566
3.915071
3.979753
4.005956
4.233680
4.278924
4.133665
4.289559
4.351001
4.488869
4.453166
4.383904
4.448032
4.390565
4.515339
4.579222
4.557116
4.633267
4.618338
4.599178
4.472087
4.309128
4.347873
4.329712
4.350141
4.407441
4.529340
4.376672
4.453762
4.597125
4.675667
4.754403
4.681210
4.677105
4.616429
4.666155
4.592025
4.723390
4.659382
4.533801
4.596763
4.655331
4.429565
4.205312
4.252465
4.341117
4.341837
4.401796
4.368643
4.504104
4.671079
4.448773
4.456999
4.389596
4.542101
5.048971
5.113038
5.087626
5.117226
5.177002
5.211963
4.979864
5.103749
5.090409
5.006332
5.215290
5.306359
5.423168
5.283477
5.117080
5.133733
5.224400
5.004493
5.041486
4.917090
4.848406
4.891382
4.738780
4.706708
4.724024
4.871103
4.708200
4.631336
4.463428
4.342099
4.568025
4.553572
4.550149
4.594948
4.565501
4.470163
4.503975
4.632187
4.651019
4.552183
4.490784
4.360715
4.138186
4.053637
3.883789
3.865007
4.070285
4.039888
3.975096
3.939385
3.991912
3.975513
3.933214
3.750420
3.898726
3.920178
4.005896
3.613760
3.606097
3.680116
3.642493
3.716877
3.606180
3.389808
3.252299
3.383207
3.347433
3.732236
3.646414
3.603379
3.558443
3.544350
3.598050
3.611102
3.545403
3.503868
3.513952
3.478792
3.513049
3.598783
3.697440
3.714078
3.629602
3.685691
3.543801
3.356011
3.333622
3.495577
3.716045
3.499807
3.621082
3.554425
3.629527
3.532923
3.456189
3.455101
3.453909
3.528617
3.312379
3.524910
3.600328
3.657624
3.774497
3.818491
3.862996
3.794694
3.787291
3.579174
3.625202
3.564531
3.422948
3.350933
3.475748
3.370970
3.215483
3.109052
3.113079
3.284830
3.239837
3.238494
3.309809
3.387177
3.128358
2.909475
3.208272
2.982162
3.388632
3.649697
4.005832
4.064287
3.839695
4.270302
4.372099
4.256987
4.483515
4.506598
4.679550
4.670754
4.444331
4.993304
4.883392
4.998751
4.920879
4.880137
4.870945
4.641459
4.415425
4.389521
4.269035
4.158581
4.289548
4.067480
4.107805
4.164548
4.265733
4.142200
4.041966
4.186900
4.284599
4.456553
4.588744
4.845599
4.712081
5.092999
5.138514
4.908936
4.679076
4.583971
4.608852
4.728156
4.694064
4.653734
4.392768
4.151174
3.976784
4.085488
3.934800
3.940971
3.723163
3.599566
3.382797
3.225141
3.121212
2.805527
2.771099
2.596227
2.843616
3.073069
2.947882
2.898117
2.823281
2.798789
3.298348
3.274544
3.220680
3.576154
3.361973
3.560109
3.528865
3.502035
3.689839
3.658277
3.461055
3.587601
3.466036
3.530866
3.256603
3.174467
3.090442
3.241766
3.394440
3.372243
3.158195
3.164861
2.953768
2.889001
2.932564
3.312328
3.098547
3.304150
3.353779
3.285881
3.050197
2.847936
2.722498
2.683353
2.597977
2.433589
2.395023
2.662204
2.744410
3.003147
3.407196
4.145674
4.141941
4.215568
4.143609
4.124228
4.345198
4.347119
4.217340
4.379723
4.361181
4.393675
4.424209
4.374569
4.321294
4.098208
4.046115
4.027544
3.856507
3.867442
3.763434
3.814540
3.858009
3.680255
3.880330
3.938107
4.058027
4.237324
4.208224
4.265779
4.333368
4.217679
4.135688
4.194304
4.144688
4.212780
4.110185
4.139269
4.093104
4.311109
4.201611
4.350006
4.230571
4.114586
4.223260
4.472407
4.453726
4.780819
4.839724
4.814635
4.786717
4.800906
4.758493
4.914177
4.865450
5.138999
5.117266
5.050889
4.901683
4.735034
4.540320
4.550877
4.613081
4.666784
4.714187
4.666025
4.564451
4.380291
4.296547
4.452361
4.632852
4.673481
4.686532
4.563873
4.492834
4.917634
4.911004
4.843154
4.738799
4.705270
4.807380
4.852929
4.925185
4.927652
5.153288
5.252482
5.294140
5.202869
4.908488
5.133773
5.140291
5.087235
4.979299
4.860151
5.038197
5.039541
4.782254
4.843181
4.816146
5.023803
5.340801
5.395583
5.483455
5.193809
5.180166
5.194437
5.118073
5.097611
4.847373
4.604668
4.463734
4.238787
4.552581
4.441237
4.259235
4.287884
4.441229
4.613288
4.595266
4.368778
4.291380
4.320836
4.097271
3.964646
3.851977
3.632535
3.685755
3.694429
3.528938
3.502327
3.422266
3.370430
3.406036
3.178403
3.369317
3.539495
3.670777
3.672990
3.974312
3.736205
3.844063
3.797981
3.875888
3.698342
3.506803
3.278767
3.129039
3.010470
2.960428
3.153235
3.055045
3.169693
3.299798
3.434263
3.220445
3.007629
2.894895
2.708819
2.726667
2.864748
2.924947
2.897521
2.849189
3.003172
2.949827
2.639175
2.625649
2.921769
2.696666
2.657485
2.856010
2.776973
2.595184
2.623492
2.416630
2.298013
2.494084
2.578884
2.372254
2.369159
2.330363
2.181960
1.980113
1.937451
1.738117
1.540095
1.355014
1.458774
1.199650
