-18.266904
-16.878956
-15.726543
-17.924675
-18.038267
-18.098675
-22.283276
-26.019838
-31.824497
-7.931890
-29.083934
21.270370
-35.722222
-13.797541
-18.017301
8.810332
-27.721019
-17.953055
-17.929268
-18.012903
5.260753
-17.909384
-7.285824
-19.217073
-24.490184
-26.900000
-8.671053
19.811659
-20.087097
-17.349701
-17.969930
-38.513559
-25.410861
-39.521053
-17.148113
-2.651799
-23.688294
-16.290230
-4.277972
-34.850307
-3.949379
-0.496816
-32.447183
-18.085965
2.066129
-18.253642
-5.954110
-18.031325
-17.942953
9.183784
-23.829923
-18.061093
-9.065789
-36.529747
-21.184211
-11.038037
-20.069811
-20.652212
-17.986567
-20.618898
-17.938961
-31.535502
-17.955172
-13.964286
-28.679630
-8.973077
-22.073786
-31.455738
-17.991525
-17.926710
-44.682822
-18.031655
-17.998658
-23.342857
-18.125000
-22.525000
-0.334039
-17.953020
-19.079365
-9.810759
-17.974905
-23.212281
-17.818519
-22.710032
-17.861111
-20.571429
-4.627972
-39.853979
-7.362460
-18.046479
2.503960
-24.117372
14.730830
-33.222956
-23.628402
-18.014286
-28.862651
-18.049446
-25.657904
-31.555474
-5.861111
-33.595016
-17.911864
14.115504
-20.831655
-7.605280
-17.820446
-20.429577
-18.087097
-10.285052
-12.217568
-17.936601
-18.032087
-18.077778
-17.919134
-18.063604
-8.678767
-19.197297
-22.533333
-27.585018
12.184733
-6.640614
-17.999313
-34.334426
-19.016312
-19.372414
-20.457143
10.587597
-25.407942
-17.942029
-21.847368
-17.995050
-14.960448
-17.940816
-17.973786
9.714035
-17.907216
-21.082445
-17.985075
-20.692308
-9.181915
-13.282772
-21.269930
-18.817992
-25.348297
-21.183280
-18.024476
-26.624834
-19.713793
-7.749668
-30.855556
-21.040523
1.986027
-31.333898
-18.303937
-27.225076
-22.690230
12.622222
-8.452632
-20.674487
-17.855763
7.110701
-17.406164
-12.405184
-8.015385
-8.348592
-47.712214
-21.072549
-18.098962
1.872222
-17.941958
6.606044
-20.062199
-12.779299
-30.962821
-17.957143
-24.872165
6.810284
-10.142105
-18.036842
-17.920789
-17.931469
-23.813309
-19.100000
-11.738040
-10.932540
-9.632759
-17.997315
-21.937603
-15.546091
-30.957554
-17.984039
-23.085714
-33.492409
-4.472034
-26.364430
-29.079365
-27.155738
-13.413407
-22.936207
-25.216129
-1.341935
-3.130952
-9.875676
-17.877193
-19.672155
-19.296700
-15.659726
-17.993939
-17.820996
-27.755738
4.241270
-18.006849
-16.816495
-20.592135
-8.747030
-21.623427
-7.900000
-16.830303
5.203300
-17.972805
-37.425610
3.754947
-17.946154
-18.793939
-17.979389
-17.928440
-18.030137
7.896358
-28.624104
-35.216197
-29.421429
8.267742
-15.236792
-31.765854
-4.563115
-18.100000
-20.818182
-21.492929
-18.098675
-18.188732
-14.211484
-20.452542
-31.983871
-8.681507
-3.115038
15.420079
-24.102703
-17.946224
-17.973427
-17.864341
-14.143633
6.168345
-17.870307
-44.009091
-12.988235
-5.952740
-22.885034
-18.099631
-29.217647
-21.294949
-17.906250
-33.328205
-9.468182
-23.239347
-31.576923
-17.942953
-17.911765
-29.483333
-0.774497
-9.485052
20.858824
-28.600000
-17.831325
-1.357666
6.767391
-12.584532
-23.396700
-31.207666
-25.062887
-20.267742
-21.812052
-7.054676
-18.018750
-13.360976
-18.098551
-18.054237
-23.679310
10.478261
-0.749003
0.824227
-13.009036
-18.476923
-15.018966
-11.370588
-22.076471
-11.048375
-21.730137
-23.717241
-23.278014
-15.654380
-5.639655
-24.228777
-10.984532
-17.952866
-17.904863
-19.475758
-23.910702
9.688235
-29.151706
-17.961953
-12.313559
-18.016434
-21.095167
-24.128803
-23.616667
-26.200000
11.292982
-25.033133
-18.008833
-17.917301
-3.635211
-17.950000
-17.827586
-17.988153
-17.945455
17.573770
-12.858805
-17.985106
-6.373022
-36.212264
-12.363043
-19.452761
-11.475510
-18.066667
-19.348297
-27.662052
-17.953608
0.525188
-15.675433
-25.838835
-18.011864
-22.582353
-22.408219
-17.958131
2.286424
-20.947761
-0.181132
-1.503245
11.826573
-15.545659
-17.863604
-13.924113
-25.294595
-16.666434
4.100000
-30.610368
-18.078082
-23.394737
-25.670866
-19.110036
-20.345455
19.355882
-38.013589
-13.131449
-18.531449
-14.943069
-0.371886
-4.894928
-19.661538
-25.645110
-18.000000
-3.004430
-18.723077
-17.937716
1.231915
-17.970307
10.905072
-10.165116
-18.010032
-18.052542
-3.186306
-5.935906
-17.898658
-21.457018
-17.894810
-32.677936
-20.484496
-17.990106
-18.033333
-19.497880
5.091558
-8.794272
5.150000
-2.843103
-9.180699
-29.495960
-20.816667
-18.308497
13.224324
-7.646246
-35.384483
-17.980952
-21.783333
-18.093377
-9.415789
-13.504575
-15.850709
-15.765686
-24.560498
-11.808923
20.885214
-18.049458
-18.049206
-12.953509
-24.232890
-18.089189
-5.760498
-4.307299
-22.541611
-17.970370
-9.221429
-18.004082
8.190141
-21.996024
-28.272446
-8.208812
29.346154
-17.966667
-17.819355
-21.511972
-18.015412
-2.214085
-21.480756
-30.896203
-21.162617
-20.388732
-30.866667
-17.867606
-18.014286
-28.454704
-35.402862
-23.678014
-17.957348
-17.042373
-20.043165
13.519355
-18.098675
-24.391961
-15.602174
-18.000000
-18.009859
-22.455215
-18.008725
-17.966667
-25.598675
-25.476471
9.958632
-1.816667
-1.474176
-17.980069
-21.875862
-17.820144
-17.969811
-17.497368
-9.613559
-24.204918
-21.014634
0.418817
-13.222862
-20.404478
-4.827465
-31.633333
14.632530
-22.635816
3.033333
-14.620213
18.102239
-10.042908
-11.287413
-26.952507
11.756187
-22.515789
-6.955556
-32.735192
-18.066221
-25.466667
-17.905109
-22.154717
-7.571530
-3.064504
-17.982524
8.958835
-18.834483
-36.064865
-17.888732
0.719466
-18.031469
1.698230
-10.310811
-33.535962
-16.583333
-30.568421
-17.999283
-28.170068
-31.155390
-31.712052
-7.972034
-13.825410
-12.883562
-21.657018
-26.624138
-18.974150
-17.693373
-16.804918
-17.982736
-18.095053
-18.063636
-13.440614
3.909836
-14.795050
