-0.180715
-0.473218
-0.716301
-0.891865
-1.133239
-1.551780
-1.734484
-2.013767
-2.237287
-2.459584
-2.668808
-3.031675
-3.193136
-3.431910
-3.666774
-3.828804
-3.994127
-4.297951
-4.475912
-4.683605
-4.844715
-5.068989
-5.197728
-5.365361
-5.524333
-5.829817
-5.952256
-6.105989
-6.224639
-6.504931
-6.676127
-6.874179
-6.991171
-7.262417
-7.475667
-7.688112
-8.118338
-8.247641
-8.374375
-8.694208
-8.787930
-9.038519
-9.240866
-9.475668
-9.577858
-9.893728
-10.218832
-10.386439
-10.495675
-10.649448
-10.746683
-10.863982
-11.202289
-11.282747
-11.350551
-11.519647
-11.784356
-12.082026
-12.332445
-12.461159
-12.592275
-12.759780
-13.153906
-13.370796
-13.431903
-13.515199
-13.595235
-13.775987
-13.841838
-13.953979
-14.090716
-14.260154
-14.298653
-14.575809
-14.609801
-14.905953
-14.965454
-15.327887
-15.354132
-15.413780
-15.452437
-15.620123
-15.702700
-15.991048
-16.028527
-16.111083
-16.156182
-16.368998
-16.553666
-16.605016
-16.749940
-16.763383
-16.776543
-17.053973
-17.335404
-17.376764
-17.402390
-17.409964
-17.414679
-17.460050
-17.764042
-17.806321
-17.846868
-17.915322
-17.925313
-18.012724
-18.011723
-18.019550
-18.221258
-18.250131
-18.248711
