-18.071530
-29.430976
-24.781481
-18.272727
-25.029242
-42.987417
-19.822184
-29.662753
-24.365772
-24.466929
-23.381982
-38.955556
-19.177778
-27.070492
-26.918339
-19.869742
-20.361146
-34.376527
-22.094077
-25.245161
-20.794624
-27.272141
-17.942912
-21.960976
-21.262577
-36.072727
-18.073684
-21.325561
-17.970968
-34.253892
-23.624476
-26.481356
-18.573408
-34.115789
-28.587421
-28.720144
-50.710702
-21.048659
-20.920979
-40.357669
-18.066460
-33.846816
-29.273239
-32.721053
-19.694624
-41.164901
-42.404110
-26.979518
-21.310067
-25.872973
-20.372973
-22.476527
-44.694737
-19.248101
-18.063158
-28.260123
-37.990566
-41.551327
-37.123881
-25.203937
-25.572727
-29.342751
-52.172414
-34.842857
-19.481481
-21.761538
-21.518770
-31.670492
-20.361017
-25.056026
-27.627607
-31.034532
-18.110067
-42.014286
-17.975000
-44.225000
-20.856026
-51.208725
-17.952381
-21.318987
-19.279468
-32.221053
-23.877778
-44.537540
-19.738889
-24.284211
-20.620979
-37.437716
-34.835783
-21.688732
-31.097360
-18.094260
-18.079447
-44.519497
-45.197041
-21.471429
-19.939357
-18.159779
-17.881443
-21.951825
-47.859259
-21.991961
-21.861017
-24.692248
-18.914388
-26.666460
-17.912639
-18.794366
-38.190323
-21.108591
-18.108108
