-0.179826
-0.357987
-0.532679
-0.705417
-0.547251
-0.722553
-0.895068
-1.066146
-1.234458
-1.400522
-1.566457
-1.377126
-1.543206
-1.707201
-1.868924
-2.028434
-2.187456
-2.345038
-2.500901
-2.655118
-2.808040
-2.959308
-2.731618
-2.884326
-3.035133
-3.183418
-3.353900
-3.500302
-3.644719
-3.787391
-3.928587
-4.069030
-4.206433
-4.278185
-4.414724
-4.550634
-4.684900
-4.348268
-4.483855
-4.419345
-4.556040
-4.688573
-4.821264
-4.951876
-5.082673
-5.000370
-4.841688
-4.697861
-4.634742
-4.769043
-4.900132
-5.031822
-5.160329
-5.288687
-5.414011
-5.539521
-5.289673
-5.416779
-5.260224
-5.387881
-5.512067
