-17.982562
-17.995960
-17.827160
-17.806494
15.111191
-18.077483
-17.974061
-18.002834
-17.897315
-17.840945
-17.993994
17.366667
-17.985185
-17.942623
-17.879585
-17.819926
-17.930573
-17.945659
-17.931359
-17.922581
-17.947312
-17.934897
19.809770
-18.002439
-17.965031
-17.863636
-20.231579
-17.994170
-17.941935
-17.911976
-17.906993
-17.972881
-17.809363
-11.381579
-17.932075
-18.005755
-17.977258
28.978352
-17.906993
1.967178
-18.088820
-17.809363
-17.957746
-17.882456
-18.031541
3.147682
10.867808
9.540964
1.614094
-18.064865
-17.877992
-18.069132
-17.882456
-17.996203
-17.821053
-17.965031
19.445283
-18.000295
10.238806
-18.025984
-17.806494
