0.636413
0.637010
0.658789
0.563894
0.563705
0.689791
0.651710
0.578173
0.540975
0.665999
0.547630
0.610794
0.593004
0.577700
0.544882
0.557316
0.511703
0.552738
0.638552
0.650837
0.570253
0.612045
0.597354
0.592042
0.503670
0.650483
0.502733
0.498106
0.703494
0.581492
0.622497
0.553497
0.597710
0.519610
0.565354
0.547283
0.686540
0.705229
0.569329
0.586281
0.533693
0.565371
0.575090
0.501109
0.518238
0.599419
0.664382
0.643100
0.646303
0.669027
0.643484
0.638718
0.581770
0.518755
0.551672
0.518764
0.632599
0.506380
0.509078
0.612303
0.550416
0.563594
0.560163
0.656239
0.568800
0.505574
0.630748
0.662323
0.567685
0.574436
0.464120
0.524220
0.697438
0.533791
0.614615
0.562510
0.566811
0.569486
0.652805
0.656367
0.604442
0.543685
0.568497
0.580584
0.696247
0.642744
0.647939
0.512255
0.643152
0.592370
0.539001
0.532089
0.526379
0.605304
0.596871
0.435124
0.634272
0.624865
0.519772
0.662602
0.625942
0.498930
0.628078
0.618069
0.443225
0.573742
0.592753
0.608720
0.524601
0.692792
0.567768
0.470026
0.516916
0.612074
0.445642
0.502173
0.528269
0.570482
0.616262
0.536826
0.606779
0.515119
0.500163
0.592441
0.881694
0.543380
0.654675
0.771754
0.664418
0.586072
0.664505
0.517446
0.650413
0.602258
0.577874
0.752950
0.575791
0.537502
0.490269
0.546197
0.533429
0.492832
0.566588
0.528052
0.517024
0.566495
0.585948
0.602999
0.547927
0.608295
0.578820
0.592158
0.627715
0.683882
0.529630
0.565782
0.554780
0.495554
0.586657
0.706340
0.705783
0.651750
0.684180
0.550694
0.536642
0.545616
0.709280
0.477655
0.462132
0.639373
0.618898
0.592273
0.598029
0.698067
0.548275
0.711786
0.552561
0.618630
0.602014
0.519126
0.621442
0.552039
0.591777
0.561782
0.610035
0.658674
0.678414
0.549087
0.476761
0.599720
0.609460
0.665807
0.550548
0.555926
0.554526
0.667924
0.518099
0.624241
0.678606
0.601375
0.558485
0.656960
0.531221
0.646329
0.412540
0.658234
0.524244
0.729689
0.507728
0.591720
0.583905
0.667656
0.550323
0.645245
0.621082
0.604418
0.554438
0.516276
0.583930
0.633919
0.526660
0.583802
0.593921
0.643686
0.535310
0.629888
0.632142
0.606488
0.665480
0.616585
0.557784
0.571107
0.566316
0.520295
0.614767
0.669253
0.539712
0.519351
0.592122
0.492846
0.547396
0.658497
0.573740
0.587981
0.661944
0.579679
0.624892
0.574001
0.705225
0.571484
0.569357
0.579450
0.501037
0.486049
0.571247
0.596726
0.645204
0.533751
0.590664
0.515196
0.609450
0.590678
0.587133
0.542993
0.581299
0.685694
0.620998
0.507740
0.571420
0.590615
0.564597
0.645244
0.652867
0.627709
0.591183
0.642001
0.614027
0.615846
0.604206
0.604674
0.476336
0.616309
0.514686
0.552168
0.467960
0.478043
0.665597
0.651633
0.597865
0.569357
0.565533
0.541883
0.577016
0.650955
0.702986
0.524136
0.593087
0.497510
0.515071
0.565611
0.602558
0.568018
0.699911
0.542729
0.551312
0.548548
0.632664
0.507793
0.508983
0.580933
0.611089
0.681172
0.454185
0.680121
0.595651
0.593115
0.587574
0.513817
0.582458
0.715295
